x
1	4722
2	43
3	5805
4	8098
5	621
6	226
7	4890
8	5412
9	9696
10	4794
11	6244
12	329
13	5932
14	7451
15	421
16	6034
17	8244
18	2812
19	4763
20	196
21	1740
22	9816
23	4144
24	6304
25	9911
26	6686
27	482
28	3288
29	5260
30	9837
31	2022
32	6560
33	5974
34	68
35	2873
36	6292
37	3131
38	7208
39	9043
40	2190
41	2197
42	3624
43	7179
44	7607
45	4373
46	3143
47	6714
48	2157
49	2143
50	1297
51	5748
52	3618
53	6043
54	318
55	8718
56	4135
57	1864
58	4822
59	5975
60	9513
61	2808
62	9468
63	6484
64	6958
65	9796
66	4836
67	2688
68	5367
69	8128
70	8034
71	4397
72	609
73	4684
74	3793
75	8658
76	6301
77	4087
78	7968
79	3860
80	9044
81	7882
82	3923
83	4214
84	5690
85	5884
86	4387
87	1089
88	727
89	5963
90	7623
91	5311
92	425
93	6698
94	9673
95	7811
96	6849
97	2920
98	1411
99	5405
100	136
101	6755
102	3026
103	2410
104	9639
105	3311
106	5789
107	4711
108	6116
109	7220
110	4080
111	3488
112	8720
113	627
114	2465
115	7153
116	5521
117	7952
118	9290
119	6768
120	7995
121	8784
122	6148
123	2647
124	5256
125	9028
126	6431
127	3901
128	5726
129	1350
130	123
131	7340
132	5459
133	7770
134	490
135	8599
136	3737
137	8573
138	9486
139	6378
140	436
141	2667
142	2586
143	8178
144	3657
145	6281
146	9411
147	1923
148	8949
149	5012
150	9988
151	3982
152	7521
153	9740
154	4461
155	3061
156	6181
157	2726
158	4736
159	5128
160	1341
161	1452
162	8415
163	1352
164	4033
165	3912
166	9937
167	2173
168	1029
169	1149
170	5495
171	1883
172	1806
173	5330
174	3305
175	1963
176	2486
177	389
178	5695
179	6240
180	2883
181	7657
182	3355
183	2282
184	2285
185	9715
186	52
187	5047
188	7386
189	7908
190	7771
191	3997
192	116
193	6523
194	4831
195	2862
196	6724
197	2485
198	4982
199	8563
200	1232
201	7027
202	2899
203	4554
204	9635
205	9328
206	466
207	132
208	9254
209	3465
210	5171
211	5337
212	6938
213	4042
214	5187
215	4701
216	5488
217	9361
218	2516
219	9092
220	7249
221	1629
222	2817
223	8954
224	464
225	2284
226	6121
227	9292
228	1868
229	3724
230	1664
231	6581
232	2478
233	2510
234	1269
235	3042
236	6270
237	495
238	719
239	6991
240	6485
241	2666
242	5402
243	7080
244	4866
245	8542
246	2534
247	7699
248	7596
249	4614
250	5574
251	1153
252	9225
253	4250
254	8347
255	3787
256	4828
257	4824
258	6813
259	4969
260	3499
261	2927
262	5068
263	7023
264	8457
265	9022
266	5764
267	7702
268	4301
269	3096
270	5122
271	84
272	5861
273	5010
274	3452
275	4427
276	9836
277	3718
278	4855
279	5403
280	5555
281	2654
282	6098
283	2117
284	3963
285	3483
286	6049
287	2159
288	5841
289	5076
290	5883
291	6869
292	9601
293	1704
294	934
295	460
296	8924
297	9890
298	2414
299	763
300	6277
301	328
302	7265
303	7361
304	73
305	881
306	4637
307	6594
308	7189
309	2249
310	1237
311	9999
312	7887
313	5592
314	6853
315	4957
316	3389
317	276
318	8316
319	7375
320	1455
321	5787
322	8069
323	2245
324	7296
325	6657
326	2166
327	9395
328	2220
329	1693
330	8181
331	7919
332	9985
333	8836
334	5918
335	4592
336	5837
337	1004
338	893
339	6848
340	7096
341	9319
342	8776
343	526
344	693
345	1838
346	9089
347	7854
348	5873
349	6323
350	3271
351	3075
352	9349
353	3504
354	6584
355	7308
356	5165
357	2763
358	5226
359	9162
360	6909
361	1908
362	6421
363	2888
364	4044
365	4337
366	146
367	6668
368	9216
369	3696
370	8232
371	6287
372	4278
373	7594
374	5930
375	7422
376	9127
377	2435
378	187
379	782
380	3374
381	2019
382	2209
383	3276
384	7555
385	9512
386	1088
387	4248
388	8719
389	5600
390	9896
391	1017
392	894
393	2034
394	8461
395	5727
396	8183
397	7551
398	2827
399	5446
400	8494
401	9394
402	7213
403	6140
404	6371
405	7640
406	2732
407	4739
408	3814
409	1913
410	3245
411	4852
412	8015
413	3513
414	3259
415	8418
416	1272
417	6442
418	2318
419	9098
420	3411
421	697
422	4784
423	7292
424	8673
425	4655
426	4856
427	3863
428	4838
429	3299
430	357
431	9719
432	6809
433	2118
434	6045
435	2096
436	5101
437	6269
438	698
439	16
440	3826
441	6084
442	3851
443	9917
444	5285
445	317
446	8916
447	2956
448	188
449	1497
450	1540
451	3632
452	3045
453	9221
454	1791
455	5863
456	8665
457	8805
458	4034
459	9378
460	3721
461	6104
462	4305
463	8875
464	5348
465	9573
466	3812
467	4222
468	15
469	7629
470	9480
471	6784
472	3447
473	4996
474	5728
475	1333
476	4707
477	4850
478	7505
479	6743
480	8627
481	3861
482	7097
483	301
484	4583
485	3004
486	7637
487	9904
488	8614
489	1811
490	4346
491	2593
492	367
493	1665
494	5915
495	4567
496	7382
497	3987
498	8742
499	5361
500	799
501	6793
502	3053
503	5637
504	8336
505	5843
506	6650
507	3484
508	7726
509	1120
510	8885
511	9079
512	412
513	1692
514	9042
515	5741
516	7588
517	3867
518	5606
519	7304
520	1593
521	1405
522	8787
523	2011
524	5188
525	2616
526	5806
527	7142
528	3755
529	3393
530	6053
531	7535
532	2553
533	5692
534	9805
535	2555
536	496
537	7464
538	9615
539	1239
540	3346
541	2227
542	5716
543	8506
544	1800
545	7843
546	3466
547	5650
548	4714
549	2229
550	7429
551	8857
552	6972
553	5899
554	9510
555	3886
556	4105
557	2824
558	4050
559	8250
560	9721
561	8149
562	4419
563	7370
564	2531
565	5868
566	6816
567	1795
568	7112
569	967
570	720
571	6762
572	5568
573	9357
574	597
575	2473
576	2797
577	9024
578	3740
579	2194
580	1291
581	4535
582	6074
583	3661
584	3776
585	3557
586	3338
587	2849
588	3272
589	9926
590	6231
591	3792
592	8641
593	443
594	7448
595	7066
596	8935
597	5112
598	8470
599	6879
600	6097
601	8269
602	6880
603	7827
604	3470
605	1388
606	5845
607	2228
608	3706
609	9262
610	6173
611	4738
612	9008
613	2312
614	5071
615	3370
616	4282
617	4414
618	3521
619	5077
620	2676
621	7473
622	5958
623	9
624	3960
625	8147
626	7430
627	9195
628	5553
629	165
630	4086
631	1918
632	1835
633	8455
634	1472
635	4259
636	3120
637	7105
638	916
639	7494
640	9061
641	2674
642	2621
643	6509
644	781
645	1995
646	8303
647	525
648	8412
649	7528
650	2419
651	8703
652	6150
653	8272
654	1572
655	2205
656	3583
657	1207
658	3835
659	1711
660	88
661	4422
662	3525
663	7912
664	8529
665	6639
666	9777
667	5750
668	4665
669	6716
670	9188
671	5537
672	2405
673	4440
674	4868
675	657
676	6337
677	8894
678	6039
679	4903
680	9247
681	8871
682	9694
683	4260
684	4291
685	3068
686	2257
687	8797
688	7101
689	557
690	819
691	4083
692	4436
693	7021
694	5048
695	4680
696	7793
697	2914
698	152
699	6170
700	4625
701	9194
702	6180
703	8155
704	9587
705	8585
706	6557
707	6674
708	253
709	7015
710	6720
711	4647
712	7876
713	2385
714	4090
715	3659
716	7155
717	994
718	3888
719	5514
720	2376
721	701
722	86
723	6993
724	5391
725	8081
726	151
727	5731
728	4590
729	642
730	3644
731	2589
732	7475
733	3041
734	829
735	5304
736	3979
737	9006
738	7510
739	9699
740	3186
741	797
742	428
743	1013
744	2705
745	2083
746	4931
747	5378
748	6527
749	8674
750	7321
751	6409
752	9422
753	3684
754	8294
755	7776
756	8027
757	866
758	9950
759	7491
760	5757
761	1981
762	3163
763	1393
764	5672
765	5987
766	9716
767	2040
768	6318
769	4363
770	705
771	6080
772	728
773	876
774	5271
775	6920
776	5551
777	1218
778	447
779	767
780	7740
781	5559
782	106
783	2630
784	8830
785	6085
786	4015
787	4463
788	7956
789	9158
790	2055
791	1833
792	6685
793	9273
794	3295
795	489
796	6666
797	5720
798	2523
799	5997
800	2595
801	7050
802	1229
803	7428
804	5415
805	9309
806	9839
807	6590
808	4923
809	5794
810	7595
811	7562
812	1954
813	8752
814	9893
815	8016
816	5192
817	471
818	1654
819	8621
820	4629
821	1068
822	2724
823	2466
824	8212
825	4810
826	1442
827	1722
828	1034
829	9103
830	4047
831	6773
832	1822
833	5821
834	5752
835	5942
836	5725
837	6366
838	3136
839	656
840	1419
841	696
842	7901
843	8728
844	2533
845	2968
846	8571
847	5578
848	8104
849	4370
850	6691
851	7569
852	4755
853	9369
854	4024
855	2529
856	9604
857	5923
858	480
859	6339
860	7305
861	4840
862	7520
863	1441
864	3890
865	563
866	7676
867	5926
868	2687
869	5055
870	1109
871	7797
872	7058
873	9838
874	4273
875	7469
876	7082
877	5398
878	6081
879	8516
880	5150
881	4246
882	7649
883	4196
884	5625
885	7495
886	3009
887	523
888	9927
889	4362
890	5797
891	3562
892	9203
893	1056
894	5174
895	9578
896	8927
897	6814
898	3871
899	8290
900	2224
901	4409
902	1747
903	5300
904	1165
905	2064
906	90
907	9742
908	322
909	3798
910	9819
911	5889
912	1260
913	13
914	67
915	5855
916	7812
917	155
918	1274
919	6239
920	7998
921	491
922	2326
923	8708
924	7183
925	6648
926	459
927	9373
928	4316
929	19
930	6866
931	998
932	1595
933	1155
934	5598
935	493
936	1554
937	1831
938	3691
939	2909
940	7934
941	1461
942	5365
943	1987
944	9701
945	180
946	6145
947	852
948	8635
949	9668
950	2276
951	1931
952	1930
953	3108
954	9465
955	5207
956	2407
957	8233
958	4393
959	1907
960	5085
961	7946
962	3788
963	2801
964	5309
965	2527
966	520
967	9364
968	6605
969	8011
970	9621
971	9557
972	395
973	77
974	2951
975	7570
976	7399
977	2219
978	8956
979	6311
980	4670
981	2428
982	5796
983	2603
984	1766
985	8464
986	5215
987	462
988	8669
989	8611
990	36
991	1431
992	6192
993	736
994	6571
995	8932
996	8485
997	3491
998	3830
999	5587
1000	3593
1001	9797
1002	3519
1003	8080
1004	8282
1005	1592
1006	1937
1007	122
1008	7465
1009	5566
1010	7816
1011	7338
1012	2256
1013	6844
1014	4153
1015	6568
1016	5766
1017	2774
1018	3377
1019	4975
1020	5685
1021	2272
1022	1599
1023	9768
1024	6593
1025	9362
1026	4123
1027	4351
1028	3477
1029	8920
1030	2041
1031	1877
1032	4721
1033	913
1034	7372
1035	8953
1036	4658
1037	4088
1038	7065
1039	3077
1040	5630
1041	1676
1042	503
1043	567
1044	9332
1045	2392
1046	3604
1047	8651
1048	2514
1049	120
1050	9922
1051	5396
1052	3349
1053	7833
1054	8134
1055	1764
1056	4163
1057	1976
1058	7291
1059	8858
1060	8756
1061	1555
1062	430
1063	9334
1064	6680
1065	5965
1066	8740
1067	4003
1068	5619
1069	5661
1070	3606
1071	773
1072	3846
1073	4122
1074	2651
1075	906
1076	171
1077	1991
1078	3087
1079	2189
1080	2331
1081	9867
1082	2643
1083	1763
1084	3243
1085	5363
1086	5804
1087	4796
1088	1186
1089	7270
1090	3702
1091	4690
1092	3341
1093	5511
1094	2882
1095	5038
1096	5580
1097	1150
1098	9986
1099	6822
1100	4036
1101	3378
1102	2756
1103	9374
1104	7128
1105	4178
1106	6695
1107	9323
1108	1428
1109	3464
1110	5798
1111	687
1112	5790
1113	2017
1114	4244
1115	4174
1116	5320
1117	14
1118	2239
1119	5234
1120	6842
1121	9034
1122	3915
1123	4487
1124	5090
1125	4489
1126	5058
1127	6570
1128	6019
1129	6864
1130	6891
1131	4197
1132	2925
1133	2970
1134	6143
1135	5289
1136	142
1137	3275
1138	1080
1139	9493
1140	8855
1141	612
1142	9078
1143	2813
1144	3853
1145	7973
1146	6673
1147	6224
1148	7348
1149	935
1150	6956
1151	8112
1152	1028
1153	9700
1154	6134
1155	3936
1156	1426
1157	9218
1158	1397
1159	4270
1160	538
1161	7371
1162	1296
1163	9800
1164	1610
1165	1808
1166	4586
1167	9895
1168	9899
1169	5977
1170	6440
1171	3386
1172	888
1173	3023
1174	875
1175	1358
1176	1802
1177	1845
1178	1765
1179	2710
1180	3383
1181	9590
1182	2447
1183	909
1184	1315
1185	9840
1186	1644
1187	4035
1188	8682
1189	4425
1190	5078
1191	6022
1192	6934
1193	5343
1194	5662
1195	828
1196	6286
1197	476
1198	2746
1199	1146
1200	753
1201	8372
1202	1632
1203	738
1204	6973
1205	6538
1206	8293
1207	91
1208	5182
1209	6175
1210	6835
1211	4265
1212	8551
1213	4517
1214	4192
1215	7402
1216	7578
1217	552
1218	8487
1219	2255
1220	2305
1221	7508
1222	1440
1223	1327
1224	9329
1225	2078
1226	7747
1227	2870
1228	2109
1229	9391
1230	4795
1231	40
1232	3944
1233	1978
1234	6631
1235	7299
1236	2121
1237	2549
1238	1922
1239	6776
1240	1410
1241	6
1242	4045
1243	5107
1244	4610
1245	7849
1246	550
1247	3406
1248	8028
1249	7437
1250	5703
1251	1119
1252	7744
1253	6228
1254	176
1255	8439
1256	817
1257	8320
1258	4926
1259	4860
1260	7861
1261	7547
1262	9930
1263	158
1264	6444
1265	3772
1266	8059
1267	5456
1268	7044
1269	7156
1270	6238
1271	4223
1272	7591
1273	9494
1274	7804
1275	7174
1276	337
1277	6670
1278	1268
1279	5530
1280	4200
1281	1402
1282	7431
1283	66
1284	7114
1285	9454
1286	9753
1287	8193
1288	3365
1289	3317
1290	2506
1291	2604
1292	9946
1293	1284
1294	1876
1295	4094
1296	8553
1297	1389
1298	8130
1299	6712
1300	4288
1301	9888
1302	2846
1303	2600
1304	2176
1305	5276
1306	4255
1307	4289
1308	3651
1309	3579
1310	347
1311	9322
1312	1577
1313	5740
1314	518
1315	1444
1316	4959
1317	8522
1318	3416
1319	3319
1320	746
1321	4994
1322	5390
1323	6517
1324	8459
1325	3316
1326	2592
1327	7519
1328	3114
1329	3211
1330	3429
1331	7906
1332	1674
1333	4504
1334	5299
1335	8701
1336	3032
1337	2513
1338	494
1339	4204
1340	2740
1341	7122
1342	6359
1343	8302
1344	1656
1345	6016
1346	1829
1347	7784
1348	5404
1349	999
1350	3984
1351	6230
1352	4136
1353	4298
1354	6558
1355	9346
1356	8286
1357	3786
1358	3398
1359	6961
1360	1503
1361	7200
1362	4171
1363	9489
1364	8785
1365	8523
1366	1967
1367	8656
1368	6340
1369	2499
1370	6532
1371	92
1372	1248
1373	7216
1374	8465
1375	3309
1376	9676
1377	7168
1378	6252
1379	89
1380	4055
1381	1456
1382	1563
1383	1258
1384	1282
1385	3832
1386	5599
1387	5682
1388	4730
1389	3852
1390	5838
1391	4438
1392	2311
1393	1623
1394	7584
1395	8538
1396	4603
1397	1477
1398	4692
1399	2028
1400	2052
1401	1966
1402	1510
1403	1408
1404	3199
1405	9325
1406	8215
1407	1436
1408	5645
1409	6911
1410	883
1411	5853
1412	5190
1413	2972
1414	5261
1415	1545
1416	6316
1417	6789
1418	4062
1419	1514
1420	7969
1421	2773
1422	9100
1423	2680
1424	4008
1425	7836
1426	2714
1427	9591
1428	9612
1429	4799
1430	3533
1431	8054
1432	5133
1433	4786
1434	8010
1435	4116
1436	5768
1437	3285
1438	4606
1439	4676
1440	1481
1441	9825
1442	1562
1443	2191
1444	659
1445	8351
1446	8980
1447	6256
1448	2508
1449	683
1450	9520
1451	7205
1452	8484
1453	6624
1454	3410
1455	654
1456	8951
1457	5718
1458	8959
1459	4718
1460	5064
1461	7060
1462	6218
1463	1985
1464	2509
1465	3566
1466	4221
1467	8393
1468	2259
1469	396
1470	4963
1471	5369
1472	9074
1473	8261
1474	5305
1475	9674
1476	9487
1477	6713
1478	8579
1479	9757
1480	1002
1481	923
1482	8679
1483	1433
1484	5909
1485	7672
1486	3361
1487	8270
1488	7111
1489	1792
1490	4217
1491	6118
1492	1934
1493	6330
1494	7177
1495	3472
1496	8140
1497	3838
1498	3261
1499	6188
1500	4466
1501	2162
1502	9046
1503	9995
1504	2928
1505	4816
1506	4827
1507	6838
1508	7618
1509	3745
1510	6746
1511	2458
1512	4361
1513	2946
1514	4843
1515	9279
1516	7316
1517	173
1518	383
1519	3831
1520	5890
1521	6069
1522	752
1523	9377
1524	1490
1525	7063
1526	3821
1527	2287
1528	6333
1529	3372
1530	6662
1531	6831
1532	9341
1533	1167
1534	4789
1535	9708
1536	8314
1537	6661
1538	2826
1539	3615
1540	1307
1541	5025
1542	6168
1543	983
1544	140
1545	858
1546	8851
1547	9388
1548	2002
1549	9208
1550	3799
1551	5237
1552	985
1553	8596
1554	9857
1555	41
1556	1387
1557	9614
1558	8280
1559	2360
1560	7777
1561	7997
1562	1199
1563	6450
1564	3507
1565	6494
1566	2348
1567	3697
1568	4555
1569	7423
1570	3280
1571	5667
1572	474
1573	5258
1574	703
1575	8375
1576	7838
1577	3945
1578	4777
1579	362
1580	5518
1581	6756
1582	7083
1583	7467
1584	4876
1585	6212
1586	5815
1587	1651
1588	501
1589	2767
1590	2627
1591	1916
1592	2218
1593	4524
1594	8944
1595	9645
1596	2283
1597	4483
1598	2393
1599	9647
1600	3900
1601	7549
1602	2872
1603	6151
1604	9176
1605	1445
1606	6536
1607	6184
1608	7160
1609	6965
1610	8435
1611	4829
1612	9938
1613	1281
1614	361
1615	2290
1616	5272
1617	6147
1618	1558
1619	4870
1620	2067
1621	5425
1622	5477
1623	4594
1624	4310
1625	6295
1626	3988
1627	7181
1628	5656
1629	3726
1630	4691
1631	4543
1632	252
1633	2723
1634	7274
1635	3895
1636	9442
1637	9242
1638	822
1639	2903
1640	5894
1641	9734
1642	2134
1643	2917
1644	6023
1645	1939
1646	6117
1647	1231
1648	1098
1649	3939
1650	2641
1651	7442
1652	488
1653	2452
1654	7140
1655	3954
1656	3345
1657	4846
1658	1014
1659	3438
1660	1178
1661	9738
1662	323
1663	3155
1664	3690
1665	6439
1666	2854
1667	2056
1668	2861
1669	4004
1670	2423
1671	9900
1672	3921
1673	7690
1674	9745
1675	662
1676	7317
1677	1871
1678	2251
1679	1848
1680	9343
1681	209
1682	8813
1683	7025
1684	2570
1685	3222
1686	4875
1687	5313
1688	4193
1689	7404
1690	7967
1691	6243
1692	2850
1693	647
1694	290
1695	8961
1696	3158
1697	6927
1698	6314
1699	5044
1700	2074
1701	8749
1702	3592
1703	510
1704	8889
1705	7391
1706	6912
1707	8171
1708	1820
1709	9141
1710	9252
1711	3926
1712	6976
1713	3214
1714	6544
1715	6142
1716	3065
1717	8810
1718	789
1719	1498
1720	5962
1721	9172
1722	2275
1723	9094
1724	61
1725	1446
1726	4129
1727	611
1728	5478
1729	6586
1730	4942
1731	7099
1732	8258
1733	7775
1734	1384
1735	1273
1736	9232
1737	946
1738	2453
1739	776
1740	2868
1741	8733
1742	6703
1743	6735
1744	8819
1745	5738
1746	9165
1747	99
1748	8339
1749	1396
1750	4451
1751	6634
1752	6829
1753	2718
1754	3034
1755	9111
1756	3940
1757	9181
1758	7052
1759	6687
1760	2675
1761	8697
1762	7677
1763	6210
1764	6172
1765	6219
1766	2686
1767	9776
1768	282
1769	3889
1770	9490
1771	9330
1772	9593
1773	1873
1774	3248
1775	7271
1776	5067
1777	6748
1778	2737
1779	606
1780	8163
1781	7609
1782	4749
1783	2770
1784	5186
1785	8921
1786	7903
1787	1386
1788	8575
1789	4434
1790	5533
1791	2915
1792	4880
1793	7669
1794	8755
1795	3326
1796	5033
1797	3070
1798	564
1799	5065
1800	1998
1801	8705
1802	220
1803	6872
1804	4359
1805	11
1806	5513
1807	2980
1808	7892
1809	2945
1810	9305
1811	2911
1812	54
1813	1611
1814	8324
1815	5362
1816	9554
1817	7461
1818	1767
1819	2749
1820	6088
1821	4628
1822	1809
1823	5424
1824	2785
1825	1980
1826	9956
1827	3638
1828	9581
1829	4783
1830	9720
1831	366
1832	8236
1833	9749
1834	6021
1835	8157
1836	6187
1837	2976
1838	855
1839	6033
1840	5436
1841	7013
1842	6325
1843	7561
1844	9945
1845	6350
1846	3250
1847	2969
1848	3268
1849	8235
1850	1443
1851	7631
1852	5687
1853	952
1854	4886
1855	688
1856	419
1857	997
1858	2368
1859	821
1860	5593
1861	1360
1862	9211
1863	3294
1864	1314
1865	8466
1866	6105
1867	7054
1868	3304
1869	7819
1870	4240
1871	1509
1872	7084
1873	435
1874	2906
1875	1414
1876	4012
1877	3763
1878	5310
1879	3957
1880	4698
1881	6441
1882	555
1883	4300
1884	5612
1885	2399
1886	8605
1887	7357
1888	2880
1889	107
1890	1878
1891	982
1892	3479
1893	4456
1894	7081
1895	6000
1896	1190
1897	1759
1898	7818
1899	5953
1900	2515
1901	6498
1902	3339
1903	7976
1904	3001
1905	9607
1906	6015
1907	1588
1908	2563
1909	7524
1910	8406
1911	2990
1912	537
1913	2511
1914	5583
1915	4445
1916	618
1917	8223
1918	9903
1919	8532
1920	9874
1921	1836
1922	6253
1923	7597
1924	8167
1925	1265
1926	2024
1927	2044
1928	6473
1929	8515
1930	8790
1931	8620
1932	1434
1933	7378
1934	663
1935	8758
1936	7798
1937	5265
1938	1685
1939	9863
1940	2129
1941	6204
1942	6305
1943	7994
1944	3301
1945	5091
1946	7002
1947	5259
1948	3255
1949	1996
1950	9345
1951	9027
1952	1309
1953	980
1954	1479
1955	6386
1956	3092
1957	793
1958	1381
1959	8404
1960	8860
1961	4607
1962	8803
1963	658
1964	4888
1965	2489
1966	1206
1967	4906
1968	8079
1969	5149
1970	7568
1971	6886
1972	9227
1973	8443
1974	1758
1975	8960
1976	577
1977	8239
1978	3601
1979	2483
1980	2838
1981	2783
1982	9563
1983	9966
1984	9784
1985	5124
1986	779
1987	9231
1988	7731
1989	9962
1990	1364
1991	9772
1992	1797
1993	7303
1994	2467
1995	1035
1996	3011
1997	6737
1998	2942
1999	7116
2000	9052
