x
1	6163
2	183
3	2180
4	8401
5	5039
6	1599
7	7324
8	896
9	5188
10	4315
11	4380
12	8432
13	8928
14	8329
15	6877
16	5788
17	9714
18	6124
19	2075
20	1806
21	6639
22	2219
23	6895
24	7578
25	2592
26	9538
27	9339
28	8608
29	3283
30	9388
31	8170
32	7620
33	2544
34	8388
35	9774
36	718
37	891
38	1847
39	8992
40	5551
41	9752
42	3656
43	3763
44	1493
45	7141
46	3810
47	7048
48	7703
49	8683
50	6023
51	1150
52	68
53	2179
54	9338
55	2700
56	3391
57	9289
58	9778
59	4936
60	5378
61	6397
62	3413
63	4186
64	4678
65	4805
66	8415
67	3373
68	5893
69	70
70	2253
71	9417
72	7960
73	7804
74	443
75	81
76	3200
77	5357
78	7729
79	8276
80	1430
81	5012
82	4154
83	6619
84	779
85	9059
86	3013
87	8858
88	5420
89	9942
90	2436
91	1596
92	3404
93	6552
94	5810
95	5811
96	7957
97	6222
98	220
99	9605
100	5035
101	6774
102	1069
103	2559
104	5036
105	7746
106	2595
107	7650
108	546
109	2081
110	8887
111	5179
112	4804
113	6403
114	4089
115	1954
116	5216
117	5579
118	1036
119	9795
120	2558
121	7741
122	658
123	8321
124	6928
125	9157
126	2351
127	7408
128	2757
129	8841
130	1138
131	1607
132	6852
133	1157
134	2266
135	2264
136	4400
137	5168
138	9362
139	8818
140	4683
141	3741
142	1626
143	3487
144	6289
145	1336
146	2903
147	6130
148	2766
149	4534
150	3823
151	4397
152	7153
153	6173
154	2083
155	9428
156	3745
157	7492
158	2136
159	632
160	2967
161	3367
162	2385
163	1778
164	4568
165	2998
166	296
167	4553
168	5402
169	3758
170	7411
171	917
172	4241
173	3986
174	2274
175	585
176	3208
177	5777
178	806
179	6582
180	2378
181	4574
182	3269
183	2358
184	8176
185	228
186	687
187	9012
188	8859
189	1595
190	8999
191	4323
192	80
193	5183
194	1913
195	4283
196	5456
197	2852
198	462
199	848
200	1888
201	2511
202	6888
203	8307
204	3071
205	4270
206	3664
207	6549
208	9847
209	9792
210	9653
211	561
212	1807
213	6830
214	5272
215	7202
216	4157
217	539
218	1711
219	6454
220	8635
221	6446
222	3331
223	5498
224	4055
225	8874
226	7174
227	3238
228	1180
229	4852
230	7282
231	5692
232	5481
233	4210
234	3389
235	7137
236	1178
237	6832
238	1938
239	866
240	4197
241	201
242	9505
243	6844
244	753
245	8198
246	2064
247	5666
248	3016
249	6497
250	6904
251	2597
252	1397
253	8990
254	8045
255	1721
256	8681
257	1117
258	5361
259	1601
260	3136
261	6547
262	3955
263	8807
264	189
265	7191
266	3274
267	5942
268	9166
269	5165
270	6302
271	6072
272	4904
273	8597
274	1246
275	5911
276	6083
277	4462
278	8605
279	7586
280	7135
281	9234
282	9843
283	6194
284	3624
285	2937
286	8618
287	7254
288	1311
289	7172
290	1610
291	2728
292	6385
293	1075
294	8141
295	5174
296	5902
297	3905
298	4732
299	4629
300	8966
301	6332
302	4757
303	2465
304	6504
305	7974
306	1355
307	300
308	3641
309	6644
310	6265
311	2453
312	2119
313	9002
314	8399
315	958
316	5233
317	9865
318	7918
319	2980
320	7902
321	5933
322	7627
323	4541
324	8076
325	3167
326	4281
327	4025
328	5699
329	7656
330	7382
331	5182
332	2473
333	3053
334	1025
335	9476
336	5677
337	5172
338	7057
339	7133
340	7425
341	62
342	1546
343	4791
344	3570
345	8490
346	8260
347	373
348	4645
349	5162
350	3476
351	8968
352	428
353	7018
354	1398
355	6419
356	9089
357	4892
358	1987
359	4864
360	7209
361	9772
362	1582
363	4962
364	639
365	6106
366	1404
367	8770
368	2546
369	8205
370	6429
371	3589
372	9247
373	1338
374	9956
375	5408
376	6597
377	7552
378	6828
379	5300
380	1366
381	6226
382	7615
383	7332
384	1164
385	2613
386	4802
387	6625
388	5629
389	2141
390	7725
391	6995
392	9451
393	5411
394	6630
395	6569
396	5771
397	7423
398	8581
399	4161
400	8938
401	7654
402	3303
403	1268
404	5295
405	4402
406	2272
407	6581
408	7215
409	5787
410	6427
411	4665
412	2550
413	6982
414	5330
415	9374
416	306
417	5095
418	9810
419	1666
420	8687
421	8906
422	7105
423	3778
424	9133
425	3930
426	5292
427	2184
428	419
429	8022
430	2891
431	9491
432	5659
433	3089
434	5081
435	7988
436	4045
437	3994
438	8578
439	2344
440	7147
441	8712
442	469
443	3657
444	9941
445	7224
446	6421
447	2049
448	7194
449	8193
450	2551
451	6146
452	6551
453	6764
454	4495
455	6057
456	5121
457	7969
458	4200
459	839
460	2568
461	1455
462	5926
463	187
464	2186
465	7970
466	8201
467	5126
468	182
469	4255
470	4136
471	3578
472	5200
473	6734
474	3287
475	3070
476	1961
477	9872
478	5307
479	5691
480	5064
481	2885
482	1784
483	1559
484	397
485	9473
486	7100
487	9337
488	1187
489	5571
490	5328
491	417
492	3963
493	1786
494	8377
495	5493
496	475
497	689
498	2552
499	8151
500	8047
501	3042
502	8805
503	121
504	5247
505	353
506	1059
507	5475
508	1101
509	9889
510	6400
511	777
512	9985
513	4824
514	8898
515	3393
516	7861
517	5355
518	6012
519	2789
520	5824
521	5822
522	6833
523	2723
524	6542
525	6147
526	7681
527	6676
528	193
529	1496
530	294
531	9206
532	6103
533	7009
534	3046
535	1014
536	2663
537	4884
538	9980
539	7165
540	1898
541	8560
542	7903
543	1849
544	6324
545	8592
546	3266
547	4563
548	9731
549	6543
550	6841
551	2907
552	1583
553	2547
554	3165
555	2055
556	1835
557	1216
558	2359
559	6367
560	9539
561	7265
562	7028
563	3475
564	5985
565	4674
566	6525
567	2564
568	5821
569	4182
570	6662
571	1991
572	4539
573	209
574	1144
575	7597
576	653
577	7182
578	90
579	3398
580	6996
581	8127
582	7766
583	2662
584	3972
585	4650
586	6185
587	3540
588	3305
589	1279
590	2097
591	6667
592	7453
593	5562
594	2886
595	9692
596	8520
597	9867
598	4679
599	2410
600	7217
601	2615
602	6819
603	9262
604	9175
605	3934
606	4399
607	42
608	7809
609	2897
610	9413
611	7811
612	9640
613	4837
614	3710
615	8094
616	2325
617	9582
618	6388
619	3796
620	7724
621	8273
622	356
623	6184
624	5842
625	6964
626	2217
627	1021
628	992
629	1375
630	3121
631	8787
632	5608
633	2965
634	6606
635	361
636	6780
637	3876
638	3575
639	8507
640	9272
641	9934
642	7293
643	1863
644	434
645	1927
646	1746
647	2878
648	8133
649	8007
650	957
651	205
652	5549
653	3560
654	6521
655	7020
656	9631
657	5130
658	509
659	976
660	5712
661	8284
662	7580
663	1168
664	4716
665	4341
666	3558
667	6353
668	3000
669	5862
670	7377
671	4206
672	8558
673	751
674	3006
675	6180
676	8108
677	5245
678	4115
679	8222
680	3154
681	8239
682	9841
683	8449
684	9401
685	8530
686	1248
687	6872
688	7520
689	677
690	4705
691	9840
692	433
693	9267
694	5151
695	2246
696	5100
697	3889
698	4964
699	5871
700	1829
701	5252
702	94
703	8125
704	1950
705	946
706	1088
707	4713
708	4015
709	320
710	2327
711	5981
712	490
713	3861
714	5864
715	3355
716	3019
717	1757
718	1511
719	5080
720	6761
721	6518
722	4294
723	9156
724	6909
725	3156
726	6985
727	8654
728	5979
729	916
730	7546
731	8119
732	5650
733	3425
734	3604
735	2834
736	1410
737	7109
738	6475
739	1447
740	7285
741	2156
742	7581
743	812
744	2665
745	8650
746	7087
747	9264
748	9191
749	1800
750	5705
751	1051
752	1084
753	8037
754	2309
755	5235
756	4392
757	6249
758	3171
759	9221
760	5838
761	1569
762	736
763	1050
764	5708
765	1985
766	8831
767	2958
768	559
769	4293
770	6539
771	3499
772	4552
773	3245
774	3942
775	3689
776	3716
777	8599
778	8776
779	4602
780	5367
781	4240
782	6165
783	2234
784	5796
785	7564
786	3543
787	8502
788	6313
789	818
790	3172
791	3545
792	2650
793	1276
794	8256
795	7617
796	7543
797	6304
798	768
799	9807
800	7794
801	1602
802	3799
803	7715
804	3883
805	1667
806	4059
807	640
808	590
809	9400
810	9259
811	411
812	6371
813	431
814	337
815	9386
816	2739
817	6942
818	879
819	5827
820	5269
821	1821
822	6845
823	4691
824	9725
825	7019
826	7449
827	8927
828	2060
829	6666
830	8353
831	759
832	7622
833	4712
834	6976
835	8936
836	8800
837	3511
838	8977
839	4163
840	5662
841	2172
842	8378
843	7044
844	1057
845	7792
846	8711
847	1137
848	8066
849	4468
850	2411
851	3085
852	5888
853	3505
854	8269
855	4298
856	1631
857	7711
858	6492
859	9129
860	2585
861	9683
862	50
863	6479
864	5502
865	9976
866	8876
867	2437
868	470
869	7012
870	5223
871	7592
872	699
873	7514
874	6502
875	8228
876	9033
877	1794
878	2399
879	5050
880	6975
881	4261
882	2024
883	7045
884	6396
885	4219
886	2384
887	7824
888	5572
889	5554
890	8869
891	2625
892	2498
893	9849
894	2037
895	8351
896	8470
897	1935
898	842
899	2398
900	7808
901	2185
902	5297
903	2367
904	1209
905	1073
906	9235
907	9686
908	6024
909	1434
910	3444
911	143
912	3422
913	7029
914	7349
915	3494
916	2477
917	760
918	4816
919	4303
920	961
921	9439
922	3771
923	2960
924	8113
925	9782
926	2391
927	9838
928	5649
929	6934
930	6912
931	5753
932	3813
933	7701
934	4041
935	8390
936	9334
937	2212
938	8747
939	8525
940	3177
941	8035
942	1732
943	9265
944	6529
945	9237
946	8572
947	1371
948	7456
949	6679
950	2633
951	6111
952	6092
953	3847
954	7336
955	8217
956	4302
957	4412
958	8914
959	3694
960	556
961	3106
962	3446
963	9273
964	7221
965	5621
966	6355
967	4338
968	7697
969	440
970	6743
971	4948
972	7030
973	3504
974	5306
975	9499
976	1199
977	2030
978	8258
979	6589
980	5652
981	6941
982	8756
983	4276
984	5395
985	846
986	800
987	2192
988	9145
989	6227
990	7744
991	7099
992	5861
993	3931
994	6724
995	622
996	6647
997	3605
998	9580
999	6457
1000	9072
1001	6921
1002	8059
1003	9634
1004	6716
1005	3679
1006	5855
1007	2495
1008	9035
1009	9182
1010	4902
1011	9957
1012	1063
1013	9065
1014	33
1015	4753
1016	8429
1017	8564
1018	4778
1019	5019
1020	9062
1021	6621
1022	5098
1023	2589
1024	6507
1025	3231
1026	2806
1027	2833
1028	3336
1029	1994
1030	5757
1031	4179
1032	6398
1033	9749
1034	6740
1035	481
1036	1315
1037	8244
1038	8911
1039	9288
1040	5620
1041	4968
1042	7294
1043	7984
1044	9987
1045	1487
1046	2137
1047	8237
1048	3277
1049	7080
1050	6715
1051	8369
1052	1635
1053	6183
1054	6464
1055	5959
1056	6468
1057	6530
1058	4842
1059	6159
1060	8540
1061	6603
1062	919
1063	3169
1064	482
1065	3311
1066	5032
1067	9518
1068	6655
1069	4273
1070	5946
1071	7534
1072	9888
1073	4134
1074	5349
1075	1996
1076	6725
1077	4729
1078	4069
1079	7478
1080	9862
1081	7819
1082	5999
1083	6232
1084	3800
1085	1866
1086	8843
1087	155
1088	5706
1089	3410
1090	731
1091	4225
1092	5589
1093	9159
1094	3141
1095	6377
1096	533
1097	6345
1098	6005
1099	7413
1100	6770
1101	5606
1102	3166
1103	1004
1104	4001
1105	9526
1106	9119
1107	9697
1108	6022
1109	8760
1110	1172
1111	3514
1112	9148
1113	4956
1114	1015
1115	2278
1116	4000
1117	3775
1118	4870
1119	7320
1120	56
1121	7205
1122	3253
1123	584
1124	394
1125	1919
1126	8456
1127	2910
1128	1901
1129	6791
1130	4248
1131	6949
1132	3750
1133	6520
1134	5770
1135	4912
1136	7860
1137	624
1138	1554
1139	3095
1140	8591
1141	8970
1142	5920
1143	8383
1144	8641
1145	5924
1146	7652
1147	4473
1148	2289
1149	8697
1150	3907
1151	8504
1152	7337
1153	7059
1154	7440
1155	9824
1156	3706
1157	3546
1158	9495
1159	6319
1160	8808
1161	390
1162	7890
1163	9671
1164	5995
1165	1070
1166	7758
1167	1019
1168	1905
1169	7663
1170	3948
1171	7040
1172	9703
1173	9779
1174	270
1175	7279
1176	6314
1177	5191
1178	5114
1179	1681
1180	5314
1181	6535
1182	1868
1183	970
1184	8476
1185	7820
1186	4664
1187	7257
1188	7879
1189	3939
1190	2077
1191	3848
1192	3065
1193	2649
1194	2296
1195	8442
1196	2302
1197	9828
1198	295
1199	7438
1200	676
1201	7389
1202	1712
1203	2160
1204	7664
1205	2898
1206	1492
1207	9330
1208	3952
1209	9765
1210	4749
1211	8783
1212	9284
1213	4653
1214	199
1215	5474
1216	2194
1217	6592
1218	4130
1219	8088
1220	264
1221	499
1222	5490
1223	8206
1224	6021
1225	6077
1226	8288
1227	1859
1228	1428
1229	2460
1230	3489
1231	2609
1232	6392
1233	7859
1234	5278
1235	897
1236	8182
1237	5410
1238	5072
1239	8189
1240	5953
1241	8953
1242	4450
1243	7910
1244	3811
1245	210
1246	3061
1247	2291
1248	4272
1249	9245
1250	5845
1251	5090
1252	6892
1253	1449
1254	3394
1255	8789
1256	1422
1257	1770
1258	4095
1259	960
1260	7595
1261	2492
1262	1365
1263	9230
1264	5155
1265	6935
1266	5220
1267	4156
1268	6386
1269	7086
1270	6579
1271	6390
1272	1547
1273	7845
1274	1098
1275	8364
1276	8407
1277	1685
1278	4917
1279	2864
1280	5302
1281	1337
1282	2703
1283	1457
1284	8544
1285	8243
1286	4711
1287	23
1288	4965
1289	5338
1290	6718
1291	8072
1292	2692
1293	4488
1294	6813
1295	2995
1296	2362
1297	6432
1298	8795
1299	2929
1300	6822
1301	9641
1302	2214
1303	1482
1304	3103
1305	2090
1306	51
1307	2270
1308	1332
1309	1020
1310	4988
1311	7314
1312	4226
1313	2161
1314	8310
1315	8698
1316	7965
1317	3981
1318	22
1319	8392
1320	4421
1321	6029
1322	2340
1323	8440
1324	3496
1325	2943
1326	1458
1327	3721
1328	404
1329	2888
1330	6971
1331	9412
1332	6413
1333	6566
1334	9030
1335	8748
1336	6336
1337	395
1338	7395
1339	8339
1340	7475
1341	6602
1342	3460
1343	3288
1344	7999
1345	4618
1346	9365
1347	7426
1348	2298
1349	4703
1350	3507
1351	2171
1352	9253
1353	1400
1354	991
1355	2101
1356	7403
1357	7719
1358	5178
1359	8764
1360	3594
1361	1658
1362	8651
1363	1481
1364	1446
1365	6177
1366	8881
1367	1977
1368	8317
1369	4590
1370	8909
1371	7853
1372	1992
1373	5841
1374	3720
1375	9788
1376	1401
1377	5368
1378	140
1379	6752
1380	6704
1381	7690
1382	6610
1383	5853
1384	7544
1385	8271
1386	1212
1387	7956
1388	9066
1389	4600
1390	3416
1391	6278
1392	1409
1393	4897
1394	3993
1395	9509
1396	483
1397	1776
1398	7529
1399	4838
1400	4931
1401	2099
1402	5425
1403	5217
1404	2015
1405	3919
1406	9313
1407	8471
1408	906
1409	7628
1410	359
1411	7841
1412	1817
1413	2845
1414	7189
1415	8925
1416	7292
1417	3084
1418	7668
1419	9553
1420	625
1421	3929
1422	1777
1423	4320
1424	6858
1425	5630
1426	3152
1427	6058
1428	117
1429	9408
1430	2012
1431	4585
1432	5466
1433	2339
1434	9955
1435	420
1436	8839
1437	3826
1438	8034
1439	9103
1440	1542
1441	827
1442	3915
1443	9266
1444	9257
1445	6739
1446	5798
1447	8913
1448	914
1449	7338
1450	3739
1451	5544
1452	1516
1453	4092
1454	2268
1455	7572
1456	5209
1457	2393
1458	9578
1459	7457
1460	8576
1461	4959
1462	4082
1463	9299
1464	255
1465	7487
1466	530
1467	8403
1468	4344
1469	6389
1470	206
1471	4476
1472	6713
1473	2857
1474	7001
1475	6495
1476	5224
1477	6886
1478	941
1479	6202
1480	7296
1481	448
1482	8204
1483	5092
1484	3435
1485	3598
1486	9169
1487	9064
1488	2945
1489	4830
1490	9442
1491	3054
1492	10000
1493	3058
1494	1933
1495	6533
1496	4308
1497	4521
1498	929
1499	7998
1500	6136
1501	9783
1502	3949
1503	7062
1504	6260
1505	4995
1506	7973
1507	5157
1508	9429
1509	6409
1510	7912
1511	4821
1512	6721
1513	5076
1514	5034
1515	8667
1516	6369
1517	5643
1518	9836
1519	6311
1520	2104
1521	7312
1522	9104
1523	9576
1524	8632
1525	3437
1526	2071
1527	825
1528	6139
1529	5250
1530	7599
1531	350
1532	2167
1533	538
1534	905
1535	8579
1536	7876
1537	6998
1538	2689
1539	9461
1540	7391
1541	5441
1542	1914
1543	3346
1544	2207
1545	3753
1546	5576
1547	797
1548	4834
1549	5273
1550	511
1551	2573
1552	1135
1553	96
1554	4907
1555	5617
1556	9153
1557	500
1558	6450
1559	2276
1560	9638
1561	1556
1562	4434
1563	5015
1564	3109
1565	6003
1566	381
1567	3430
1568	6318
1569	3351
1570	9851
1571	7875
1572	2486
1573	9688
1574	9649
1575	8093
1576	4175
1577	5150
1578	5086
1579	5167
1580	3079
1581	3901
1582	8162
1583	7461
1584	5077
1585	8172
1586	5969
1587	9008
1588	315
1589	3757
1590	3262
1591	5779
1592	5837
1593	3486
1594	7787
1595	403
1596	2249
1597	8380
1598	5177
1599	9715
1600	4651
1601	2801
1602	485
1603	9171
1604	824
1605	1549
1606	7665
1607	5059
1608	5176
1609	7843
1610	6491
1611	3853
1612	5136
1613	8278
1614	9687
1615	8448
1616	2149
1617	1869
1618	1504
1619	894
1620	3621
1621	4567
1622	7129
1623	636
1624	6285
1625	3431
1626	5899
1627	519
1628	3647
1629	238
1630	3315
1631	1820
1632	6663
1633	9897
1634	9343
1635	3969
1636	1396
1637	661
1638	3983
1639	3491
1640	2749
1641	3113
1642	9893
1643	4982
1644	9989
1645	4971
1646	6516
1647	2572
1648	4833
1649	1692
1650	5733
1651	3014
1652	10
1653	7632
1654	8670
1655	7983
1656	9472
1657	3481
1658	3427
1659	384
1660	8798
1661	5603
1662	2624
1663	191
1664	2444
1665	3832
1666	3414
1667	3943
1668	7852
1669	6627
1670	8688
1671	19
1672	7571
1673	7206
1674	4518
1675	1541
1676	4972
1677	7651
1678	8091
1679	4930
1680	260
1681	6204
1682	2458
1683	454
1684	75
1685	4245
1686	2388
1687	4322
1688	5000
1689	4654
1690	2227
1691	1207
1692	6423
1693	4581
1694	3781
1695	3502
1696	6908
1697	6169
1698	1009
1699	2931
1700	8767
1701	1762
1702	5310
1703	6273
1704	3592
1705	59
1706	4013
1707	7963
1708	9974
1709	6350
1710	1956
1711	21
1712	5668
1713	2942
1714	8153
1715	1873
1716	6126
1717	3995
1718	4153
1719	7084
1720	2748
1721	3539
1722	5574
1723	3990
1724	3547
1725	2275
1726	5829
1727	349
1728	2718
1729	1548
1730	5123
1731	64
1732	9747
1733	795
1734	7561
1735	7196
1736	1716
1737	7123
1738	4648
1739	3733
1740	6848
1741	4913
1742	4598
1743	2876
1744	1917
1745	3134
1746	4132
1747	1971
1748	7790
1749	6562
1750	6034
1751	8555
1752	3
1753	7873
1754	8499
1755	5758
1756	4767
1757	1708
1758	1523
1759	9777
1760	9667
1761	7405
1762	6712
1763	2381
1764	5296
1765	1040
1766	4637
1767	3841
1768	3062
1769	512
1770	9744
1771	5929
1772	8852
1773	1486
1774	6600
1775	9319
1776	9627
1777	9379
1778	4795
1779	4593
1780	2575
1781	3936
1782	867
1783	1719
1784	311
1785	1628
1786	7680
1787	4150
1788	7867
1789	2777
1790	6343
1791	1828
1792	5623
1793	3881
1794	4128
1795	771
1796	9441
1797	983
1798	487
1799	9111
1800	6825
1801	2248
1802	9199
1803	2295
1804	3851
1805	9140
1806	8684
1807	5454
1808	7299
1809	2312
1810	5255
1811	9406
1812	7398
1813	5645
1814	9040
1815	6617
1816	592
1817	7177
1818	8155
1819	8875
1820	8567
1821	3301
1822	2513
1823	9356
1824	4689
1825	9256
1826	4807
1827	9141
1828	5937
1829	1533
1830	7379
1831	9552
1832	5872
1833	9536
1834	1507
1835	3891
1836	8090
1837	3439
1838	1584
1839	981
1840	6140
1841	7484
1842	5358
1843	8845
1844	3966
1845	6733
1846	6178
1847	4511
1848	6297
1849	465
1850	8931
1851	5448
1852	9152
1853	5951
1854	2676
1855	432
1856	6408
1857	7116
1858	6820
1859	1934
1860	1148
1861	2202
1862	4042
1863	6988
1864	7290
1865	5331
1866	6258
1867	1147
1868	784
1869	7082
1870	5112
1871	8519
1872	2710
1873	681
1874	2341
1875	3405
1876	646
1877	5813
1878	5359
1879	1741
1880	9490
1881	7055
1882	4799
1883	7150
1884	9698
1885	6189
1886	9250
1887	1613
1888	7886
1889	8997
1890	9090
1891	6772
1892	3375
1893	4507
1894	9944
1895	6615
1896	5384
1897	7373
1898	2934
1899	7637
1900	8506
1901	5423
1902	9575
1903	1316
1904	2244
1905	4545
1906	5778
1907	7096
1908	3615
1909	1465
1910	6160
1911	8538
1912	7538
1913	2487
1914	761
1915	6031
1916	7927
1917	7111
1918	6574
1919	2724
1920	973
1921	2574
1922	6439
1923	2213
1924	5230
1925	1611
1926	3096
1927	1206
1928	7075
1929	292
1930	7074
1931	9678
1932	9100
1933	7709
1934	1902
1935	2630
1936	6955
1937	2688
1938	6790
1939	2070
1940	3419
1941	4565
1942	2895
1943	1788
1944	2196
1945	8797
1946	3987
1947	9570
1948	3278
1949	7933
1950	2548
1951	3807
1952	577
1953	3587
1954	2467
1955	6583
1956	1194
1957	4291
1958	8382
1959	7470
1960	1386
1961	8537
1962	365
1963	334
1964	1824
1965	9448
1966	1408
1967	6792
1968	8741
1969	9405
1970	6682
1971	984
1972	1900
1973	126
1974	4901
1975	4274
1976	6669
1977	5586
1978	977
1979	8937
1980	888
1981	8950
1982	6288
1983	3302
1984	4517
1985	1204
1986	6925
1987	1718
1988	1695
1989	25
1990	1769
1991	4222
1992	5517
1993	421
1994	2198
1995	2483
1996	5038
1997	497
1998	1264
1999	7051
2000	6267
