x
1	1568
2	5910
3	5234
4	2768
5	3560
6	2682
7	6793
8	7900
9	8034
10	1720
11	8403
12	101
13	6563
14	7487
15	698
16	5948
17	8346
18	4984
19	2729
20	5253
21	1380
22	9228
23	6739
24	5569
25	9985
26	9230
27	9111
28	2543
29	7179
30	5084
31	9137
32	8043
33	4161
34	9127
35	8504
36	5898
37	4591
38	9171
39	7491
40	4900
41	8261
42	1759
43	1011
44	2690
45	90
46	1740
47	9073
48	8413
49	3508
50	5629
51	8011
52	5608
53	3404
54	288
55	699
56	4138
57	6953
58	6934
59	1810
60	2235
61	5377
62	1661
63	5163
64	2784
65	1308
66	572
67	3376
68	8951
69	7960
70	7468
71	41
72	9779
73	3882
74	3983
75	4671
76	1009
77	1825
78	5421
79	2117
80	596
81	7314
82	4669
83	1178
84	9469
85	6270
86	7532
87	8177
88	6784
89	8503
90	6013
91	1216
92	8725
93	108
94	5757
95	5057
96	7517
97	1696
98	6251
99	1106
100	5499
101	5459
102	3684
103	8735
104	1771
105	687
106	9487
107	3474
108	4840
109	3069
110	7661
111	3507
112	6794
113	9263
114	3422
115	9614
116	2984
117	7983
118	270
119	1545
120	2582
121	8918
122	29
123	9376
124	2978
125	4079
126	6368
127	8242
128	9707
129	1087
130	4478
131	1562
132	5601
133	9265
134	9753
135	2732
136	754
137	6007
138	34
139	841
140	3976
141	3274
142	3584
143	2734
144	8074
145	6546
146	9782
147	983
148	1912
149	9214
150	9237
151	4445
152	8144
153	2563
154	7214
155	7724
156	1247
157	8482
158	3087
159	9252
160	561
161	4775
162	9731
163	4433
164	6107
165	6414
166	3966
167	5455
168	1904
169	1101
170	2725
171	4902
172	6321
173	555
174	7100
175	5007
176	1468
177	241
178	4140
179	8359
180	6188
181	7851
182	5539
183	8902
184	9953
185	7428
186	8119
187	6093
188	8477
189	2471
190	7648
191	1808
192	474
193	727
194	9891
195	8200
196	1737
197	2068
198	4999
199	6588
200	9717
201	1596
202	9844
203	7466
204	5951
205	8466
206	2369
207	4641
208	8226
209	3776
210	8976
211	8546
212	9167
213	5944
214	6844
215	5495
216	9317
217	7486
218	6389
219	5448
220	8383
221	7016
222	6999
223	9875
224	3923
225	6145
226	7848
227	2391
228	2789
229	8977
230	8057
231	8010
232	391
233	363
234	8768
235	243
236	3212
237	9014
238	3572
239	5399
240	8392
241	4489
242	7669
243	1565
244	9982
245	1040
246	1525
247	5096
248	6443
249	4634
250	3220
251	3447
252	4385
253	4514
254	194
255	9397
256	7972
257	8898
258	3660
259	5913
260	3283
261	6877
262	1245
263	8912
264	2337
265	3859
266	4141
267	4319
268	4773
269	9275
270	4587
271	1498
272	265
273	287
274	1695
275	8762
276	2059
277	4994
278	5241
279	7417
280	5684
281	307
282	8307
283	10000
284	3008
285	5620
286	6320
287	568
288	8733
289	1378
290	4646
291	258
292	2917
293	7055
294	2375
295	161
296	8481
297	237
298	2446
299	2453
300	5054
301	5372
302	1047
303	5579
304	24
305	189
306	1103
307	955
308	263
309	501
310	4455
311	6597
312	4215
313	7574
314	5959
315	5048
316	7539
317	7955
318	3170
319	9916
320	1599
321	3115
322	8162
323	6022
324	4771
325	8159
326	4541
327	4507
328	8310
329	2630
330	3016
331	1209
332	5848
333	5203
334	9739
335	1543
336	6519
337	7513
338	7494
339	9956
340	9513
341	3450
342	2943
343	2388
344	7116
345	2699
346	7153
347	856
348	1824
349	6799
350	9148
351	4833
352	359
353	4885
354	5320
355	8260
356	8472
357	4676
358	5224
359	6391
360	6055
361	953
362	8381
363	2718
364	7812
365	9346
366	9190
367	7282
368	1593
369	6773
370	690
371	9164
372	7291
373	2717
374	8333
375	5274
376	3696
377	435
378	9067
379	9074
380	1732
381	9572
382	7088
383	7429
384	1971
385	6260
386	2469
387	3110
388	2998
389	6006
390	2341
391	9453
392	3784
393	740
394	8510
395	4175
396	8265
397	6104
398	188
399	1951
400	9282
401	3244
402	1638
403	9688
404	2210
405	7544
406	38
407	6667
408	3253
409	8936
410	7122
411	8700
412	2320
413	8771
414	7970
415	357
416	5733
417	7262
418	9923
419	1338
420	2957
421	5907
422	5133
423	4298
424	1005
425	1107
426	6606
427	9300
428	79
429	7563
430	1075
431	5465
432	1049
433	2903
434	2124
435	9546
436	7793
437	1595
438	6989
439	8212
440	5192
441	4631
442	55
443	7589
444	2192
445	3056
446	9798
447	8701
448	9667
449	3769
450	1673
451	8788
452	6693
453	2006
454	2738
455	934
456	1610
457	5831
458	2002
459	7508
460	3921
461	8577
462	5835
463	7786
464	9775
465	7350
466	6542
467	3605
468	1747
469	2156
470	3305
471	6871
472	3468
473	6618
474	3392
475	100
476	7114
477	6749
478	9026
479	5312
480	1676
481	7699
482	2589
483	1250
484	8948
485	2617
486	8914
487	3652
488	6758
489	9938
490	3940
491	343
492	2331
493	2950
494	8982
495	2677
496	4976
497	8419
498	6226
499	8367
500	600
501	5650
502	3573
503	9373
504	2352
505	1284
506	7212
507	449
508	716
509	2138
510	5531
511	9089
512	4305
513	9347
514	6051
515	7587
516	6167
517	921
518	5397
519	4295
520	9240
521	6031
522	7149
523	965
524	6680
525	3612
526	8921
527	8145
528	4124
529	4216
530	5563
531	9920
532	2280
533	4757
534	9914
535	1581
536	1703
537	3303
538	3994
539	583
540	8742
541	5846
542	9943
543	2262
544	9514
545	4849
546	8299
547	8371
548	7575
549	6085
550	9766
551	3154
552	2313
553	8406
554	6376
555	5934
556	665
557	6199
558	686
559	2100
560	3938
561	209
562	6610
563	1532
564	4959
565	5142
566	9246
567	2426
568	634
569	5458
570	9607
571	6944
572	3219
573	7453
574	1624
575	1801
576	2793
577	6141
578	8216
579	725
580	8233
581	2581
582	8627
583	9931
584	2544
585	2359
586	3692
587	889
588	8612
589	6823
590	5023
591	4278
592	7744
593	2616
594	7876
595	7505
596	5369
597	3834
598	6077
599	8151
600	7272
601	6520
602	9457
603	2202
604	1611
605	8521
606	1460
607	134
608	429
609	2154
610	874
611	3814
612	2851
613	5638
614	341
615	9602
616	6035
617	8780
618	4938
619	9714
620	697
621	3431
622	8065
623	4829
624	7117
625	7419
626	9534
627	4582
628	8568
629	4251
630	9433
631	461
632	9486
633	9686
634	8006
635	7668
636	8945
637	6371
638	1332
639	9608
640	4763
641	5473
642	9221
643	5254
644	9064
645	611
646	3487
647	535
648	1152
649	4880
650	325
651	459
652	6894
653	4660
654	8597
655	5897
656	4444
657	4864
658	1523
659	5305
660	6641
661	5654
662	3341
663	9441
664	6622
665	5015
666	3192
667	3648
668	6202
669	7047
670	9481
671	4523
672	2769
673	6544
674	2811
675	3497
676	3270
677	3874
678	2904
679	8548
680	7118
681	2496
682	8308
683	9697
684	5107
685	5327
686	7592
687	177
688	8882
689	2063
690	7376
691	9040
692	5419
693	7027
694	214
695	1037
696	2104
697	5162
698	9034
699	7816
700	2197
701	5942
702	6214
703	6394
704	3752
705	142
706	6212
707	3625
708	7361
709	637
710	9574
711	8431
712	936
713	5567
714	647
715	8669
716	503
717	4235
718	1714
719	1783
720	1892
721	5109
722	9971
723	7594
724	1500
725	604
726	8348
727	369
728	9434
729	9515
730	3867
731	1634
732	4091
733	3258
734	7223
735	4804
736	8831
737	4301
738	6601
739	8148
740	20
741	6572
742	3861
743	1219
744	5475
745	4040
746	3200
747	5257
748	6502
749	4638
750	9597
751	540
752	486
753	3342
754	4351
755	2906
756	452
757	6215
758	268
759	8269
760	9194
761	4307
762	6126
763	1637
764	3778
765	1777
766	7492
767	2759
768	8502
769	7880
770	4779
771	6491
772	7385
773	6207
774	7011
775	4105
776	7005
777	9052
778	2143
779	6909
780	5792
781	197
782	1727
783	8486
784	8970
785	4066
786	2009
787	7245
788	2681
789	4688
790	252
791	2833
792	1458
793	764
794	1986
795	8961
796	4403
797	9505
798	9443
799	9054
800	2605
801	224
802	8070
803	7157
804	1484
805	1439
806	3607
807	9578
808	8709
809	9206
810	9812
811	1421
812	408
813	7671
814	915
815	888
816	2344
817	8880
818	9773
819	1872
820	8411
821	7478
822	6954
823	2392
824	7392
825	9856
826	9981
827	8679
828	8512
829	1910
830	6926
831	7617
832	5393
833	3566
834	1678
835	7165
836	2628
837	6201
838	2952
839	8027
840	2648
841	646
842	5146
843	9489
844	9895
845	1224
846	5129
847	7865
848	683
849	4600
850	8205
851	2294
852	990
853	2414
854	1438
855	2664
856	4847
857	1323
858	2534
859	2406
860	9618
861	2528
862	4539
863	446
864	5586
865	8306
866	6279
867	4416
868	9907
869	3846
870	6619
871	9837
872	3325
873	6751
874	9610
875	6476
876	3329
877	1667
878	7893
879	3589
880	8296
881	485
882	978
883	4682
884	346
885	4122
886	6280
887	2499
888	4461
889	850
890	9436
891	5002
892	8323
893	5546
894	1817
895	2537
896	3670
897	9676
898	6195
899	1140
900	1481
901	1465
902	1424
903	7946
904	598
905	6655
906	5752
907	7568
908	174
909	3040
910	3239
911	8779
912	6672
913	1118
914	7910
915	8326
916	4534
917	5406
918	5744
919	987
920	3653
921	7545
922	8513
923	2711
924	1946
925	1836
926	7095
927	6702
928	3296
929	7030
930	5723
931	6298
932	3895
933	6742
934	9006
935	2612
936	8270
937	8535
938	2713
939	6838
940	1159
941	7746
942	8741
943	7232
944	8890
945	4346
946	9404
947	4975
948	3052
949	3205
950	8358
951	4380
952	1953
953	4550
954	8635
955	6253
956	5407
957	2834
958	8025
959	4633
960	249
961	4807
962	2463
963	9189
964	7115
965	7807
966	5655
967	774
968	9187
969	3005
970	2270
971	2340
972	5664
973	8490
974	8896
975	9146
976	2244
977	1577
978	2836
979	4867
980	860
981	7348
982	8329
983	7977
984	2366
985	6636
986	1121
987	7209
988	5306
989	3094
990	6038
991	8644
992	5025
993	6217
994	4965
995	6614
996	7309
997	633
998	9000
999	9392
1000	545
1001	8750
1002	7533
1003	2558
1004	8747
1005	6888
1006	2522
1007	5936
1008	3446
1009	8042
1010	3915
1011	9174
1012	8881
1013	1621
1014	1873
1015	5064
1016	4121
1017	5945
1018	8231
1019	2787
1020	733
1021	3155
1022	7861
1023	7132
1024	7394
1025	7751
1026	5524
1027	3242
1028	5976
1029	4736
1030	6791
1031	7552
1032	2172
1033	1655
1034	4005
1035	6343
1036	4670
1037	2692
1038	7948
1039	9277
1040	5900
1041	8318
1042	2527
1043	9209
1044	5725
1045	5415
1046	1511
1047	2899
1048	5729
1049	552
1050	4132
1051	8605
1052	6846
1053	3805
1054	1181
1055	2074
1056	1244
1057	1842
1058	4536
1059	1093
1060	3289
1061	6233
1062	3086
1063	7273
1064	3135
1065	7029
1066	6367
1067	807
1068	7054
1069	7154
1070	7850
1071	4794
1072	1784
1073	2638
1074	3
1075	2415
1076	5874
1077	3222
1078	7342
1079	1191
1080	5850
1081	1391
1082	521
1083	1603
1084	3768
1085	2189
1086	7274
1087	8339
1088	7193
1089	4890
1090	3427
1091	1288
1092	9853
1093	8853
1094	31
1095	2503
1096	2746
1097	3236
1098	6289
1099	502
1100	5011
1101	4033
1102	9168
1103	8056
1104	424
1105	5019
1106	7912
1107	2454
1108	4872
1109	9013
1110	8237
1111	2241
1112	2287
1113	3535
1114	969
1115	6948
1116	2115
1117	1968
1118	8451
1119	2243
1120	3397
1121	4905
1122	3850
1123	1738
1124	3647
1125	2586
1126	8164
1127	3020
1128	5756
1129	7185
1130	4116
1131	4429
1132	8041
1133	2441
1134	7835
1135	211
1136	9086
1137	9551
1138	623
1139	651
1140	9696
1141	2062
1142	9620
1143	2266
1144	2383
1145	5132
1146	2925
1147	8554
1148	626
1149	6236
1150	8729
1151	3304
1152	9323
1153	3711
1154	7190
1155	2460
1156	3960
1157	1130
1158	5099
1159	5671
1160	4639
1161	5946
1162	4406
1163	4799
1164	1584
1165	3622
1166	4881
1167	8829
1168	3955
1169	3782
1170	5890
1171	866
1172	8315
1173	5954
1174	7820
1175	9922
1176	9790
1177	7093
1178	8219
1179	76
1180	4612
1181	9412
1182	3638
1183	6377
1184	5311
1185	7692
1186	9945
1187	4449
1188	6821
1189	745
1190	5256
1191	2868
1192	8469
1193	89
1194	2381
1195	3317
1196	3012
1197	9476
1198	7655
1199	53
1200	4338
1201	7618
1202	6503
1203	9172
1204	6694
1205	9368
1206	629
1207	3519
1208	1494
1209	9467
1210	2785
1211	8302
1212	9668
1213	6449
1214	7229
1215	9789
1216	2629
1217	6257
1218	9374
1219	679
1220	2898
1221	2545
1222	7498
1223	7425
1224	4863
1225	9181
1226	3735
1227	6008
1228	3071
1229	9940
1230	5179
1231	3868
1232	7591
1233	8019
1234	3691
1235	981
1236	8079
1237	1269
1238	4721
1239	6438
1240	756
1241	9552
1242	1137
1243	9840
1244	1414
1245	5114
1246	2113
1247	7388
1248	3188
1249	4051
1250	4370
1251	2269
1252	785
1253	1529
1254	6465
1255	9285
1256	1000
1257	364
1258	1880
1259	9108
1260	1944
1261	8115
1262	1960
1263	4496
1264	2838
1265	6837
1266	9622
1267	3101
1268	5236
1269	8543
1270	2749
1271	2261
1272	7822
1273	470
1274	6494
1275	3481
1276	7447
1277	7105
1278	4422
1279	6319
1280	430
1281	9355
1282	3646
1283	3906
1284	7418
1285	8870
1286	9334
1287	6456
1288	9894
1289	468
1290	511
1291	819
1292	7988
1293	746
1294	4746
1295	5371
1296	5615
1297	1573
1298	7969
1299	335
1300	1628
1301	4089
1302	5070
1303	7126
1304	6579
1305	8109
1306	992
1307	2227
1308	7450
1309	703
1310	828
1311	4234
1312	7015
1313	1486
1314	3586
1315	6102
1316	5296
1317	1008
1318	2075
1319	6861
1320	4988
1321	4780
1322	6441
1323	1840
1324	606
1325	1189
1326	8726
1327	4323
1328	4438
1329	3726
1330	320
1331	8287
1332	7035
1333	1961
1334	6918
1335	1369
1336	7249
1337	8450
1338	2783
1339	47
1340	3957
1341	9957
1342	4533
1343	2548
1344	581
1345	5511
1346	3811
1347	1510
1348	9321
1349	9550
1350	4655
1351	917
1352	865
1353	9893
1354	8045
1355	5686
1356	3838
1357	1978
1358	6352
1359	9016
1360	6332
1361	1072
1362	5313
1363	1464
1364	2317
1365	354
1366	8349
1367	5245
1368	6386
1369	3765
1370	4421
1371	6510
1372	2661
1373	9558
1374	5573
1375	1534
1376	3902
1377	1721
1378	6230
1379	7750
1380	4620
1381	3337
1382	6161
1383	8855
1384	5413
1385	2807
1386	8710
1387	3839
1388	7670
1389	2008
1390	5178
1391	6897
1392	5514
1393	8694
1394	4996
1395	5067
1396	2560
1397	6868
1398	6103
1399	5449
1400	4677
1401	2900
1402	8655
1403	3697
1404	5748
1405	1857
1406	4112
1407	947
1408	8749
1409	3061
1410	7377
1411	8875
1412	3864
1413	514
1414	5056
1415	5955
1416	2203
1417	4186
1418	9049
1419	2567
1420	3755
1421	4898
1422	7264
1423	9056
1424	9223
1425	534
1426	4585
1427	5063
1428	5633
1429	8531
1430	7010
1431	1563
1432	2777
1433	3844
1434	433
1435	8353
1436	9220
1437	6064
1438	8864
1439	411
1440	313
1441	558
1442	8102
1443	7051
1444	1819
1445	9605
1446	3150
1447	7166
1448	7566
1449	9041
1450	5309
1451	6690
1452	4128
1453	7353
1454	6568
1455	7643
1456	9584
1457	1915
1458	2041
1459	4888
1460	8847
1461	3979
1462	4094
1463	2883
1464	9394
1465	4401
1466	1023
1467	4266
1468	1371
1469	2497
1470	8035
1471	239
1472	1957
1473	5877
1474	9508
1475	3326
1476	9421
1477	3400
1478	871
1479	4651
1480	173
1481	8053
1482	1895
1483	4673
1484	4136
1485	9671
1486	9977
1487	330
1488	9835
1489	1362
1490	4570
1491	4417
1492	4745
1493	6721
1494	6947
1495	6300
1496	9337
1497	6050
1498	5383
1499	1427
1500	1712
1501	9987
1502	910
1503	8816
1504	83
1505	6345
1506	8457
1507	1546
1508	845
1509	5589
1510	9310
1511	4009
1512	3089
1513	3527
1514	4934
1515	8309
1516	2467
1517	4315
1518	9533
1519	1151
1520	4472
1521	9335
1522	2532
1523	4073
1524	8689
1525	9829
1526	843
1527	9553
1528	6445
1529	5102
1530	7779
1531	8900
1532	4727
1533	7797
1534	5022
1535	7656
1536	2858
1537	7079
1538	8438
1539	1083
1540	87
1541	3532
1542	9652
1543	6182
1544	4205
1545	6916
1546	1617
1547	5430
1548	662
1549	4281
1550	4762
1551	5147
1552	4977
1553	1883
1554	3097
1555	2964
1556	4843
1557	6786
1558	4552
1559	3995
1560	7708
1561	4062
1562	5478
1563	7074
1564	6548
1565	5622
1566	1405
1567	8440
1568	3703
1569	6675
1570	1339
1571	5237
1572	1078
1573	9974
1574	7375
1575	1270
1576	8811
1577	7176
1578	5770
1579	2762
1580	2351
1581	5581
1582	1411
1583	2721
1584	5888
1585	6056
1586	9293
1587	7562
1588	2493
1589	3599
1590	5188
1591	1959
1592	515
1593	1196
1594	1966
1595	3830
1596	6303
1597	5215
1598	6797
1599	4457
1600	8974
1601	4555
1602	8229
1603	6054
1604	6727
1605	2365
1606	5536
1607	3255
1608	1
1609	7600
1610	6026
1611	2027
1612	9124
1613	8611
1614	4109
1615	2667
1616	1302
1617	2395
1618	4859
1619	6964
1620	5855
1621	7858
1622	5522
1623	147
1624	2578
1625	7659
1626	859
1627	8112
1628	6569
1629	7765
1630	6091
1631	9002
1632	1707
1633	3444
1634	352
1635	7248
1636	9877
1637	3689
1638	3793
1639	3702
1640	5370
1641	8230
1642	331
1643	7066
1644	5318
1645	5195
1646	3144
1647	9992
1648	2719
1649	4110
1650	1631
1651	3103
1652	6946
1653	4894
1654	2686
1655	2625
1656	2521
1657	7985
1658	3883
1659	1949
1660	1802
1661	2948
1662	6822
1663	4178
1664	1803
1665	2248
1666	875
1667	9834
1668	9769
1669	2941
1670	5983
1671	2649
1672	5181
1673	9702
1674	6832
1675	9884
1676	9138
1677	4318
1678	3525
1679	5823
1680	8225
1681	3628
1682	2125
1683	3803
1684	1542
1685	8369
1686	1184
1687	6508
1688	2636
1689	4540
1690	4645
1691	3854
1692	71
1693	266
1694	3710
1695	3161
1696	2155
1697	7186
1698	4300
1699	592
1700	2508
1701	5432
1702	4656
1703	1688
1704	1422
1705	628
1706	817
1707	6225
1708	3639
1709	4961
1710	8331
1711	8089
1712	6354
1713	3014
1714	9506
1715	7241
1716	1733
1717	7693
1718	7731
1719	4495
1720	3215
1721	6171
1722	4862
1723	85
1724	4926
1725	2670
1726	5175
1727	3924
1728	476
1729	6140
1730	2624
1731	5368
1732	11
1733	4119
1734	2178
1735	113
1736	1090
1737	6789
1738	4936
1739	3953
1740	3676
1741	9725
1742	1088
1743	4108
1744	6760
1745	6631
1746	1163
1747	5526
1748	5883
1749	8527
1750	6640
1751	2470
1752	4376
1753	650
1754	7063
1755	481
1756	1333
1757	9032
1758	1096
1759	9679
1760	3091
1761	3920
1762	4577
1763	5143
1764	5321
1765	5525
1766	6715
1767	579
1768	8551
1769	7740
1770	8031
1771	7586
1772	413
1773	4405
1774	3018
1775	6495
1776	8549
1777	2776
1778	1102
1779	3042
1780	3459
1781	7198
1782	6539
1783	7774
1784	1217
1785	195
1786	5298
1787	7061
1788	9442
1789	3862
1790	4332
1791	3792
1792	2772
1793	1835
1794	500
1795	9785
1796	5337
1797	5967
1798	9198
1799	7110
1800	6812
1801	7
1802	9520
1803	4848
1804	3690
1805	9641
1806	9693
1807	2714
1808	2852
1809	272
1810	2370
1811	715
1812	5172
1813	5510
1814	5675
1815	632
1816	1526
1817	8582
1818	7045
1819	8048
1820	5389
1821	1144
1822	9037
1823	6116
1824	5398
1825	348
1826	3322
1827	9498
1828	2813
1829	7001
1830	4850
1831	6261
1832	9151
1833	2217
1834	375
1835	522
1836	577
1837	2597
1838	4177
1839	823
1840	6296
1841	5627
1842	3777
1843	5294
1844	4354
1845	3567
1846	5255
1847	5828
1848	1865
1849	6458
1850	6422
1851	4292
1852	678
1853	3053
1854	8705
1855	4198
1856	8586
1857	1664
1858	7036
1859	5875
1860	4526
1861	1979
1862	2336
1863	3886
1864	8256
1865	9391
1866	7194
1867	1619
1868	2465
1869	7936
1870	2539
1871	8474
1872	4943
1873	2878
1874	7094
1875	2666
1876	7658
1877	9955
1878	2252
1879	2564
1880	3455
1881	1614
1882	8473
1883	2860
1884	2782
1885	8244
1886	6753
1887	2924
1888	512
1889	3093
1890	2495
1891	799
1892	4088
1893	6224
1894	602
1895	641
1896	49
1897	2809
1898	8576
1899	1734
1900	4879
1901	4520
1902	6501
1903	5721
1904	505
1905	8183
1906	6801
1907	732
1908	9756
1909	8316
1910	8765
1911	6720
1912	7814
1913	5904
1914	3184
1915	4210
1916	8953
1917	1003
1918	5349
1919	6617
1920	1157
1921	804
1922	7663
1923	3218
1924	6273
1925	5460
1926	7083
1927	7188
1928	4613
1929	8690
1930	5300
1931	1762
1932	4491
1933	4350
1934	6554
1935	6244
1936	3933
1937	9264
1938	3996
1939	3432
1940	9757
1941	9646
1942	6231
1943	1475
1944	839
1945	1365
1946	2546
1947	1988
1948	6806
1949	6450
1950	3234
1951	4588
1952	4378
1953	2652
1954	9207
1955	8991
1956	9465
1957	2297
1958	8827
1959	9297
1960	1294
1961	2013
1962	4000
1963	672
1964	478
1965	2896
1966	3231
1967	8938
1968	9460
1969	803
1970	3145
1971	4442
1972	3971
1973	5427
1974	3595
1975	4440
1976	1956
1977	5968
1978	6356
1979	4115
1980	913
1981	5110
1982	3790
1983	5765
1984	2596
1985	6468
1986	9729
1987	4220
1988	9484
1989	1859
1990	4106
1991	3804
1992	8969
1993	2507
1994	6611
1995	759
1996	157
1997	6591
1998	6578
1999	5480
2000	3058
