x
1	6800
2	4820
3	4141
4	6074
5	6239
6	7219
7	2280
8	2279
9	3646
10	2419
11	4786
12	562
13	1363
14	4679
15	9903
16	7252
17	3534
18	6
19	6471
20	821
21	5916
22	1336
23	3032
24	307
25	313
26	2557
27	2421
28	4467
29	8244
30	5986
31	1902
32	2655
33	2854
34	1839
35	9899
36	9492
37	7483
38	9494
39	8165
40	8694
41	3733
42	4360
43	2959
44	4930
45	1744
46	5989
47	2270
48	3421
49	4082
50	9019
51	3340
52	2275
53	9460
54	243
55	9957
56	8859
57	6663
58	8273
59	2682
60	9592
61	1312
62	2417
63	6524
64	3942
65	7531
66	9505
67	9812
68	8270
69	7053
70	5172
71	4010
72	4783
73	3183
74	6084
75	4223
76	1005
77	4197
78	4124
79	7501
80	3790
81	1304
82	7838
83	3921
84	5089
85	4287
86	2568
87	3027
88	2592
89	1271
90	3353
91	5996
92	1856
93	8366
94	9858
95	2071
96	416
97	1941
98	2973
99	60
100	3935
101	5023
102	3502
103	1440
104	7895
105	1575
106	1911
107	3045
108	3170
109	5317
110	3446
111	8447
112	9639
113	4515
114	1109
115	7243
116	9664
117	4044
118	6705
119	2020
120	9249
121	886
122	9358
123	7056
124	625
125	5388
126	1716
127	6768
128	2065
129	8431
130	6120
131	6477
132	9038
133	3475
134	4748
135	7652
136	9170
137	3251
138	7362
139	6195
140	800
141	5079
142	6582
143	6893
144	1194
145	9186
146	6372
147	5731
148	4509
149	5220
150	3814
151	4002
152	4233
153	7826
154	5225
155	6258
156	7486
157	3821
158	7238
159	6046
160	9343
161	4199
162	645
163	5478
164	9025
165	7805
166	311
167	754
168	4042
169	7685
170	1255
171	4921
172	1343
173	3043
174	4491
175	3916
176	8586
177	4147
178	9315
179	7506
180	6007
181	3556
182	7526
183	7656
184	4483
185	5221
186	4868
187	4918
188	6571
189	8048
190	2994
191	1057
192	2162
193	9293
194	9196
195	5711
196	7377
197	254
198	2372
199	8419
200	1670
201	3334
202	2504
203	8026
204	7913
205	5413
206	8575
207	2949
208	9191
209	3168
210	2369
211	3386
212	836
213	9326
214	8306
215	2777
216	1238
217	1464
218	2221
219	6447
220	8473
221	9205
222	2653
223	8988
224	3683
225	6005
226	7179
227	8069
228	4760
229	3542
230	2063
231	7434
232	2132
233	8105
234	1905
235	1503
236	2165
237	5029
238	5564
239	4506
240	1482
241	6553
242	6899
243	5586
244	3171
245	5032
246	3311
247	1536
248	3160
249	675
250	3561
251	2860
252	2087
253	9396
254	1634
255	7946
256	1761
257	7090
258	9601
259	879
260	9270
261	9895
262	2625
263	1699
264	5279
265	2224
266	2354
267	8686
268	3030
269	654
270	8528
271	6489
272	1775
273	4057
274	529
275	894
276	578
277	9117
278	6367
279	4747
280	6488
281	5869
282	2294
283	9619
284	7664
285	9935
286	322
287	7663
288	3406
289	5291
290	8796
291	5275
292	5134
293	9018
294	9823
295	547
296	424
297	5482
298	6220
299	8728
300	5194
301	8503
302	9873
303	1726
304	6691
305	2944
306	7294
307	1335
308	7466
309	3579
310	695
311	3422
312	1156
313	6856
314	7579
315	9208
316	7865
317	6900
318	5410
319	6091
320	1122
321	7888
322	2439
323	3196
324	9984
325	2750
326	6083
327	6539
328	9681
329	303
330	3013
331	3930
332	2213
333	7051
334	9868
335	4555
336	3845
337	7735
338	9647
339	4939
340	6389
341	3133
342	1506
343	4228
344	257
345	1150
346	6568
347	117
348	9397
349	854
350	53
351	3467
352	5429
353	7804
354	3564
355	5814
356	5926
357	214
358	4923
359	9028
360	8619
361	8869
362	4212
363	8081
364	6851
365	3637
366	9150
367	1479
368	3520
369	4202
370	5821
371	7800
372	9407
373	3947
374	8655
375	6223
376	8045
377	6111
378	9100
379	9218
380	8159
381	4492
382	1654
383	2660
384	7125
385	4851
386	9226
387	9181
388	601
389	9295
390	8297
391	1595
392	6809
393	9648
394	4036
395	5587
396	2411
397	7539
398	4528
399	7341
400	2996
401	3844
402	4854
403	4138
404	1444
405	9985
406	8017
407	511
408	6156
409	1971
410	358
411	2115
412	6975
413	1656
414	6455
415	2053
416	4646
417	2228
418	5783
419	6191
420	6279
421	6066
422	1420
423	2584
424	9031
425	2359
426	77
427	1075
428	6401
429	2376
430	5980
431	3886
432	1176
433	3265
434	3281
435	1824
436	5681
437	30
438	2121
439	2229
440	8753
441	7028
442	5123
443	6068
444	1374
445	6897
446	185
447	2798
448	72
449	7555
450	2654
451	7496
452	3849
453	3255
454	1555
455	9350
456	5164
457	9089
458	6616
459	9995
460	5753
461	5577
462	7949
463	4768
464	7063
465	6516
466	5406
467	2379
468	4206
469	9012
470	6862
471	2006
472	4749
473	1267
474	673
475	4313
476	4237
477	619
478	9483
479	8488
480	7299
481	3130
482	8429
483	5805
484	8437
485	9220
486	8609
487	7700
488	3172
489	340
490	4951
491	1118
492	6050
493	1561
494	1303
495	3853
496	9651
497	3290
498	344
499	6190
500	4426
501	1364
502	8080
503	4039
504	9600
505	995
506	2618
507	4475
508	4711
509	1720
510	224
511	6237
512	1352
513	9503
514	9737
515	4485
516	2906
517	4970
518	9710
519	7576
520	2163
521	6443
522	2365
523	558
524	9338
525	5109
526	3506
527	8249
528	4096
529	4193
530	4976
531	3858
532	9514
533	6940
534	6224
535	9248
536	6022
537	5891
538	285
539	1047
540	9413
541	5043
542	3834
543	8786
544	4493
545	3273
546	9636
547	9590
548	2231
549	2268
550	8383
551	8525
552	6779
553	3061
554	1783
555	401
556	7742
557	929
558	1884
559	5667
560	7134
561	6483
562	8141
563	9880
564	7209
565	1014
566	3504
567	9197
568	5791
569	8460
570	2908
571	6846
572	5449
573	6419
574	600
575	5419
576	5159
577	3522
578	9688
579	7823
580	946
581	3293
582	174
583	5642
584	3408
585	6773
586	8678
587	4645
588	3891
589	574
590	2120
591	9153
592	1415
593	8777
594	9989
595	9389
596	8247
597	6909
598	5448
599	9198
600	4405
601	3956
602	4971
603	5189
604	6976
605	3827
606	9082
607	4301
608	8155
609	2454
610	2690
611	3358
612	9498
613	3870
614	262
615	9470
616	4220
617	3490
618	187
619	1753
620	4707
621	2416
622	6288
623	938
624	9387
625	6395
626	3572
627	2666
628	4460
629	1636
630	5411
631	2137
632	5941
633	4074
634	6456
635	1121
636	918
637	7780
638	9154
639	5575
640	4682
641	9857
642	632
643	63
644	763
645	3400
646	474
647	2382
648	5010
649	932
650	8881
651	9222
652	652
653	2803
654	1963
655	4603
656	6283
657	7440
658	7417
659	4094
660	1613
661	235
662	6954
663	9502
664	5174
665	9676
666	2183
667	1386
668	4239
669	2030
670	4830
671	5380
672	4850
673	8102
674	3266
675	3197
676	8605
677	6797
678	4249
679	91
680	3306
681	3781
682	2047
683	3021
684	8784
685	584
686	3479
687	4887
688	7796
689	355
690	8458
691	5299
692	2914
693	7864
694	2718
695	8484
696	4546
697	1371
698	1403
699	6307
700	7909
701	8959
702	9767
703	644
704	8084
705	148
706	7080
707	7884
708	9086
709	8364
710	575
711	8382
712	8343
713	2918
714	9333
715	8481
716	2350
717	3759
718	7737
719	1478
720	7010
721	9339
722	1741
723	9533
724	790
725	4370
726	5819
727	5386
728	7827
729	4183
730	5111
731	2768
732	2381
733	8702
734	6710
735	4428
736	6071
737	2466
738	4084
739	9250
740	7645
741	1101
742	4267
743	3062
744	5208
745	2239
746	3284
747	5479
748	1197
749	1847
750	1879
751	3343
752	8585
753	4086
754	4776
755	7951
756	526
757	1642
758	75
759	5416
760	1141
761	2581
762	8499
763	6617
764	6289
765	2850
766	4799
767	4987
768	7251
769	2706
770	9143
771	2273
772	4938
773	3184
774	1249
775	2517
776	1523
777	2861
778	1836
779	9713
780	3383
781	3324
782	1991
783	9301
784	6598
785	7726
786	2842
787	6534
788	5739
789	4190
790	3644
791	4559
792	6135
793	2779
794	1781
795	8915
796	8099
797	2651
798	3688
799	4476
800	9443
801	9743
802	3822
803	4101
804	443
805	6765
806	8557
807	2385
808	9479
809	4048
810	6478
811	5898
812	6941
813	5810
814	3100
815	5567
816	7190
817	8267
818	2900
819	573
820	6646
821	7124
822	3426
823	1041
824	3957
825	4083
826	129
827	4430
828	8614
829	5034
830	4234
831	1210
832	808
833	3352
834	323
835	6608
836	2024
837	9584
838	6424
839	7227
840	5738
841	4204
842	4205
843	2175
844	9289
845	4195
846	9194
847	9372
848	4734
849	815
850	8120
851	5633
852	842
853	4158
854	1736
855	6281
856	641
857	1688
858	6912
859	2161
860	5257
861	6423
862	9130
863	855
864	466
865	6413
866	8905
867	4565
868	7401
869	7693
870	8937
871	3002
872	200
873	3880
874	4810
875	7
876	3049
877	7835
878	7461
879	2624
880	3671
881	5640
882	352
883	4580
884	136
885	1995
886	8923
887	4167
888	7643
889	1580
890	1584
891	363
892	4800
893	3294
894	1187
895	7428
896	8853
897	975
898	588
899	5146
900	472
901	2830
902	6274
903	6151
904	6989
905	8232
906	3714
907	9521
908	3033
909	2361
910	1980
911	8147
912	3282
913	6322
914	3615
915	3441
916	8506
917	4500
918	2633
919	5444
920	4763
921	4085
922	1659
923	5335
924	9869
925	98
926	3799
927	2304
928	7610
929	1689
930	3752
931	9340
932	7019
933	9303
934	8511
935	5
936	5644
937	809
938	119
939	2637
940	8776
941	9464
942	1320
943	3376
944	8412
945	6654
946	7280
947	5754
948	102
949	8318
950	3314
951	5506
952	6491
953	2185
954	5238
955	6605
956	4121
957	8785
958	8001
959	8310
960	3774
961	3310
962	2512
963	8471
964	6833
965	4272
966	9447
967	7702
968	9801
969	8314
970	7497
971	5578
972	1791
973	4508
974	3360
975	6296
976	3825
977	3411
978	7556
979	280
980	4215
981	3985
982	4772
983	5921
984	3078
985	1953
986	3660
987	4726
988	1889
989	1384
990	2526
991	5813
992	9909
993	6706
994	8293
995	4985
996	8815
997	5425
998	8012
999	5762
1000	2627
1001	1916
1002	456
1003	2114
1004	8751
1005	34
1006	1913
1007	1651
1008	2658
1009	6400
1010	6884
1011	8283
1012	5126
1013	6925
1014	853
1015	5063
1016	3649
1017	2839
1018	4045
1019	9811
1020	8935
1021	6726
1022	8432
1023	6778
1024	5536
1025	3268
1026	8036
1027	7694
1028	4862
1029	9875
1030	11
1031	3211
1032	5058
1033	5173
1034	737
1035	3778
1036	8710
1037	153
1038	1743
1039	7793
1040	9183
1041	1224
1042	2738
1043	5960
1044	3768
1045	7282
1046	7952
1047	5077
1048	8871
1049	7507
1050	9578
1051	6454
1052	5981
1053	367
1054	7900
1055	9088
1056	5588
1057	1682
1058	4841
1059	8596
1060	6182
1061	5628
1062	180
1063	5381
1064	6444
1065	8190
1066	7178
1067	3312
1068	3315
1069	607
1070	1541
1071	2931
1072	5879
1073	8277
1074	5880
1075	3275
1076	6796
1077	9131
1078	3264
1079	2169
1080	5572
1081	4966
1082	7337
1083	4377
1084	5546
1085	8645
1086	5362
1087	5860
1088	2317
1089	3765
1090	758
1091	7770
1092	9129
1093	2527
1094	4978
1095	7029
1096	4654
1097	546
1098	2460
1099	2182
1100	1855
1101	6380
1102	9750
1103	6115
1104	8275
1105	7177
1106	8933
1107	6694
1108	5282
1109	6653
1110	1243
1111	1235
1112	5888
1113	7502
1114	5510
1115	9054
1116	3143
1117	7957
1118	4231
1119	5835
1120	7829
1121	1746
1122	4657
1123	2316
1124	8966
1125	4017
1126	9929
1127	8541
1128	4855
1129	1323
1130	6124
1131	6741
1132	6012
1133	6013
1134	173
1135	7305
1136	9721
1137	6730
1138	5641
1139	3377
1140	9189
1141	4942
1142	3215
1143	2986
1144	26
1145	4571
1146	8709
1147	919
1148	8319
1149	6411
1150	6062
1151	5972
1152	5649
1153	830
1154	1310
1155	8900
1156	1257
1157	2031
1158	2883
1159	9803
1160	1983
1161	7367
1162	9043
1163	6494
1164	6243
1165	3552
1166	9955
1167	1906
1168	8726
1169	2962
1170	9299
1171	417
1172	2532
1173	6740
1174	3205
1175	8024
1176	2090
1177	2824
1178	8767
1179	994
1180	5995
1181	7795
1182	8897
1183	633
1184	2322
1185	1645
1186	6515
1187	3824
1188	1466
1189	979
1190	4172
1191	7441
1192	1048
1193	1914
1194	2826
1195	4843
1196	3325
1197	5156
1198	3416
1199	806
1200	7841
1201	512
1202	9945
1203	8203
1204	7103
1205	4628
1206	3069
1207	8816
1208	6240
1209	6658
1210	4560
1211	9215
1212	8876
1213	7036
1214	8856
1215	5666
1216	9802
1217	3005
1218	5191
1219	1158
1220	2306
1221	6905
1222	2437
1223	6507
1224	5806
1225	8154
1226	7857
1227	2782
1228	7369
1229	8978
1230	7120
1231	7046
1232	3711
1233	3493
1234	8476
1235	8697
1236	4469
1237	6860
1238	2976
1239	1305
1240	7967
1241	4271
1242	8030
1243	8693
1244	6000
1245	7333
1246	123
1247	6817
1248	9735
1249	7260
1250	5436
1251	5919
1252	8721
1253	5088
1254	720
1255	6292
1256	5676
1257	8618
1258	3750
1259	2590
1260	9256
1261	69
1262	1588
1263	2940
1264	145
1265	7739
1266	1494
1267	8657
1268	5554
1269	7467
1270	3037
1271	7754
1272	2010
1273	7030
1274	7156
1275	2749
1276	3330
1277	5915
1278	5524
1279	9810
1280	7408
1281	172
1282	6306
1283	6866
1284	7489
1285	8696
1286	7912
1287	4839
1288	591
1289	5397
1290	7492
1291	7540
1292	2696
1293	7442
1294	2310
1295	9463
1296	8453
1297	6196
1298	7270
1299	9948
1300	5516
1301	4787
1302	1212
1303	6679
1304	8601
1305	2214
1306	2335
1307	6467
1308	3267
1309	5746
1310	1532
1311	9616
1312	4379
1313	5264
1314	1731
1315	9556
1316	7095
1317	889
1318	3801
1319	8963
1320	4393
1321	8050
1322	3562
1323	2903
1324	9148
1325	1216
1326	5558
1327	4009
1328	4863
1329	6153
1330	691
1331	7055
1332	5434
1333	2728
1334	5849
1335	8260
1336	4974
1337	4186
1338	7767
1339	3800
1340	2876
1341	7977
1342	8070
1343	8245
1344	906
1345	8145
1346	7738
1347	6028
1348	6365
1349	5247
1350	3016
1351	3017
1352	4647
1353	5826
1354	5206
1355	4585
1356	2694
1357	4303
1358	2122
1359	6549
1360	3163
1361	7960
1362	8669
1363	9851
1364	8206
1365	3780
1366	2091
1367	3997
1368	4714
1369	3319
1370	8868
1371	3142
1372	1773
1373	1586
1374	8841
1375	5867
1376	7269
1377	5095
1378	7154
1379	9497
1380	1955
1381	7175
1382	876
1383	5993
1384	7131
1385	513
1386	464
1387	3178
1388	7803
1389	5583
1390	2267
1391	4300
1392	793
1393	4551
1394	241
1395	7308
1396	8286
1397	6804
1398	360
1399	863
1400	8201
1401	359
1402	5019
1403	3911
1404	5234
1405	1986
1406	730
1407	3989
1408	1088
1409	771
1410	6101
1411	7568
1412	2464
1413	9819
1414	1114
1415	238
1416	5779
1417	9039
1418	7414
1419	4881
1420	9771
1421	6414
1422	5914
1423	9646
1424	4644
1425	951
1426	4070
1427	2451
1428	315
1429	9302
1430	7476
1431	336
1432	1677
1433	9570
1434	7122
1435	9845
1436	6407
1437	8948
1438	7852
1439	301
1440	9160
1441	3578
1442	2905
1443	9701
1444	4719
1445	3182
1446	6870
1447	1248
1448	8254
1449	9023
1450	4822
1451	8185
1452	5782
1453	6114
1454	7088
1455	5175
1456	1528
1457	5592
1458	6845
1459	6256
1460	7248
1461	1680
1462	924
1463	2670
1464	4557
1465	3499
1466	8992
1467	8378
1468	5180
1469	3523
1470	4678
1471	7485
1472	7627
1473	2038
1474	606
1475	6449
1476	6351
1477	6164
1478	9930
1479	5716
1480	4032
1481	716
1482	1062
1483	898
1484	2324
1485	4960
1486	828
1487	7552
1488	3786
1489	6813
1490	4305
1491	9369
1492	549
1493	5227
1494	4730
1495	6130
1496	7203
1497	3445
1498	205
1499	7163
1500	8097
1501	295
1502	6163
1503	4578
1504	9991
1505	2896
1506	1129
1507	545
1508	6863
1509	2938
1510	5854
1511	2889
1512	7084
1513	286
1514	4846
1515	1460
1516	548
1517	5520
1518	6660
1519	40
1520	3776
1521	9741
1522	27
1523	3710
1524	5142
1525	3905
1526	3152
1527	87
1528	3145
1529	9011
1530	8716
1531	6622
1532	4238
1533	4134
1534	2277
1535	9147
1536	3348
1537	1272
1538	9887
1539	7330
1540	15
1541	5513
1542	857
1543	4282
1544	4188
1545	5678
1546	5068
1547	729
1548	6044
1549	3787
1550	2136
1551	5176
1552	7474
1553	1675
1554	3867
1555	968
1556	1925
1557	1621
1558	2142
1559	4875
1560	4587
1561	5116
1562	3521
1563	7387
1564	3763
1565	1074
1566	3471
1567	8765
1568	4093
1569	7550
1570	3455
1571	4268
1572	915
1573	132
1574	6117
1575	2759
1576	5462
1577	6157
1578	1780
1579	9921
1580	4816
1581	8896
1582	5379
1583	9565
1584	6782
1585	4579
1586	1453
1587	5699
1588	3603
1589	5163
1590	5712
1591	2693
1592	5601
1593	2008
1594	7647
1595	14
1596	7490
1597	9496
1598	6416
1599	4742
1600	5494
1601	19
1602	3835
1603	5809
1604	2899
1605	8919
1606	3898
1607	6807
1608	8386
1609	4072
1610	94
1611	4339
1612	8909
1613	2733
1614	2326
1615	532
1616	8064
1617	4330
1618	1411
1619	5541
1620	7901
1621	2857
1622	1086
1623	943
1624	4269
1625	1189
1626	7524
1627	2586
1628	1455
1629	9746
1630	7672
1631	362
1632	3809
1633	9142
1634	4928
1635	1751
1636	753
1637	9401
1638	6520
1639	6964
1640	4020
1641	1826
1642	568
1643	8512
1644	637
1645	1673
1646	9489
1647	698
1648	7878
1649	6459
1650	9354
1651	4767
1652	9519
1653	9430
1654	5531
1655	8931
1656	5292
1657	2305
1658	7034
1659	6342
1660	6818
1661	411
1662	245
1663	9512
1664	6134
1665	9724
1666	5017
1667	4067
1668	4777
1669	4642
1670	7310
1671	1565
1672	3428
1673	1278
1674	1625
1675	1326
1676	5566
1677	3051
1678	2521
1679	8846
1680	5464
1681	4418
1682	3907
1683	3271
1684	8622
1685	2614
1686	3659
1687	1011
1688	1108
1689	7353
1690	7748
1691	4695
1692	3018
1693	6742
1694	4324
1695	5729
1696	3053
1697	8910
1698	2970
1699	3391
1700	748
1701	6621
1702	6339
1703	9177
1704	13
1705	9285
1706	192
1707	5917
1708	8207
1709	4542
1710	9722
1711	9742
1712	320
1713	1888
1714	2256
1715	4593
1716	3469
1717	8128
1718	4649
1719	6748
1720	8197
1721	1582
1722	6230
1723	8294
1724	7830
1725	9744
1726	3259
1727	7936
1728	7138
1729	1538
1730	7378
1731	3492
1732	1321
1733	718
1734	5161
1735	569
1736	4157
1737	5224
1738	7423
1739	1513
1740	2832
1741	6069
1742	2613
1743	3668
1744	942
1745	2392
1746	3611
1747	3019
1748	7469
1749	6557
1750	2148
1751	925
1752	7870
1753	6162
1754	7487
1755	2
1756	3549
1757	5665
1758	2436
1759	2345
1760	5589
1761	3560
1762	4053
1763	2734
1764	1878
1765	6391
1766	8565
1767	6923
1768	7851
1769	8359
1770	1951
1771	3847
1772	840
1773	4016
1774	231
1775	4935
1776	3580
1777	2600
1778	5501
1779	3405
1780	3700
1781	5949
1782	9236
1783	7833
1784	7127
1785	8371
1786	2893
1787	9821
1788	6885
1789	5377
1790	7168
1791	24
1792	1424
1793	7431
1794	9528
1795	1186
1796	4780
1797	9705
1798	7681
1799	5912
1800	7416
1801	9621
1802	5984
1803	9783
1804	3146
1805	1907
1806	7304
1807	550
1808	2468
1809	971
1810	4886
1811	1404
1812	8372
1813	7452
1814	9574
1815	1084
1816	8236
1817	8722
1818	9298
1819	4390
1820	7479
1821	2691
1822	4683
1823	5467
1824	7813
1825	6784
1826	9044
1827	2309
1828	6794
1829	9891
1830	1035
1831	1280
1832	4125
1833	2329
1834	373
1835	5342
1836	5823
1837	7781
1838	4277
1839	7023
1840	4992
1841	4259
1842	1053
1843	2698
1844	501
1845	1134
1846	217
1847	4842
1848	2199
1849	5535
1850	6666
1851	7117
1852	4191
1853	5922
1854	1400
1855	2130
1856	7111
1857	4322
1858	5878
1859	3643
1860	8439
1861	4278
1862	1339
1863	9146
1864	7973
1865	9363
1866	4427
1867	109
1868	6385
1869	4948
1870	5690
1871	1768
1872	623
1873	1563
1874	4055
1875	7871
1876	1264
1877	7480
1878	3666
1879	2333
1880	3756
1881	175
1882	6540
1883	1106
1884	1754
1885	6107
1886	1418
1887	5431
1888	2689
1889	7661
1890	1527
1891	5613
1892	7074
1893	5214
1894	630
1895	6513
1896	9187
1897	9167
1898	2636
1899	7041
1900	1033
1901	4983
1902	6650
1903	795
1904	9482
1905	491
1906	8842
1907	9015
1908	9774
1909	3020
1910	9091
1911	6125
1912	1389
1913	6247
1914	5648
1915	4309
1916	5703
1917	3511
1918	4924
1919	9837
1920	7548
1921	9577
1922	6418
1923	948
1924	5122
1925	5284
1926	5460
1927	1949
1928	5795
1929	2238
1930	7167
1931	2594
1932	7819
1933	5553
1934	6316
1935	6429
1936	9684
1937	5623
1938	68
1939	2353
1940	4013
1941	2247
1942	6048
1943	5121
1944	9562
1945	1502
1946	1402
1947	1050
1948	5012
1949	4520
1950	688
1951	6601
1952	582
1953	9178
1954	5086
1955	7370
1956	1547
1957	349
1958	6482
1959	7510
1960	1456
1961	9789
1962	7094
1963	3231
1964	4802
1965	1351
1966	8878
1967	2420
1968	3476
1969	271
1970	2410
1971	9666
1972	2591
1973	7631
1974	8582
1975	7537
1976	6785
1977	3194
1978	8390
1979	6070
1980	4665
1981	7091
1982	6361
1983	9134
1984	3705
1985	4941
1986	489
1987	4465
1988	5325
1989	9206
1990	1419
1991	4770
1992	6422
1993	4501
1994	2878
1995	6016
1996	4949
1997	3708
1998	6180
1999	5339
2000	3747
